
viewData =

    6.0375    2.0000    0.9000    1.9507  -37.9826
    6.0375    2.0000    1.0000    1.7500  -35.6473
    6.0375    2.0000    1.1000    1.5493  -36.0419
    6.0375    2.0000    1.1000    1.7593  -49.7968
    6.0375    2.0000    2.0000    3.5000  -22.5787
    6.0375    2.0000    2.1000    3.3017  -26.3915
    6.0375    2.0000    2.2000    3.1010  -31.7791
    6.0375    2.0000    2.3000    2.9003  -40.2614
    6.0375    2.0000    2.7000    2.1000  -42.6122
    6.0375    2.0000    3.7000    1.4117  -39.5952
    6.0375    2.0000    3.8000    1.5120  -30.5927
    6.0375    2.0000    3.9000    1.6123  -29.6869
    6.0375    2.0000    4.0000    1.7127  -29.6182
    6.0375    2.0000    4.1000    1.8130  -28.6975
    6.0375    2.0000    4.2000    1.9133  -28.3195
    6.0375    2.0000    4.3000    2.0137  -30.1220
    6.0375    2.0000    4.4000    2.1117  -33.0093
    6.0375    2.0000    4.4000    2.1140  -38.5941
    6.0375    2.0000    4.5000    1.3277  -49.4574
    6.0375    2.0000    4.6000    1.4280  -25.9035
    6.0375    2.0000    4.6000    1.4257  -40.5428
    6.0375    2.0000    4.7000    1.5283  -20.8791
    6.0375    2.0000    4.7000    1.5260  -48.4126
    6.0375    2.0000    4.7000    1.5307  -49.9502
    6.0375    2.0000    4.8000    1.6263  -20.5880
    6.0375    2.0000    4.8000    1.6287  -35.9017
    6.0375    2.0000    4.9000    1.7267  -19.8236
    6.0375    2.0000    4.9000    1.7290  -31.0201
    6.0375    2.0000    5.0000    1.8270  -19.7898
    6.0375    2.0000    5.0000    1.8293  -38.0062
    6.0375    2.0000    5.1000    1.9273  -24.5388
    6.0375    2.0000    5.1000    1.9297  -43.6176
    6.0375    2.0000    5.2000    2.0277  -26.0249
    6.0375    2.0000    5.2000    2.0300  -49.0423
    6.0375    2.0000    5.3000    2.1280  -27.9806
    6.0375    2.0000    5.3000    2.1303  -49.4451
    6.0375    2.0000    5.4000    2.2283  -48.9439
    6.0375    2.0000    7.7000    2.0883  -34.2894
    6.0375    2.0000    7.8000    1.9880  -31.9167
    6.0375    2.0000    7.9000    1.8877  -30.4601
    6.0375    2.0000    8.0000    1.7873  -30.0644
    6.0375    2.0000    8.1000    1.6870  -31.1322
    6.0375    2.0000    8.1000    1.5423  -46.7798
    6.0375    2.0000    8.2000    1.5867  -31.3966
    6.0375    2.0000    8.2000    1.6427  -46.6561
    6.0375    2.0000    8.3000    1.4863  -31.7686
    6.0375    2.0000    8.3000    1.7407  -48.4332
    6.0375    2.0000    8.4000    1.8410  -45.6381
    6.0375    2.0000    8.4000    1.3883  -47.4500
    6.0375    2.0000    8.5000    2.1723  -41.1555
    6.0375    2.0000    8.5000    1.9437  -47.0964
    6.0375    2.0000    8.5000    1.9413  -48.3443
    6.0375    2.0000    8.6000    2.0720  -24.6171
    6.0375    2.0000    8.6000    2.0697  -29.5083
    6.0375    2.0000    8.6000    2.0417  -48.1043
    6.0375    2.0000    8.7000    1.9717  -23.2319
    6.0375    2.0000    8.7000    1.9693  -27.4168
    6.0375    2.0000    8.8000    1.8713  -24.4383
    6.0375    2.0000    8.8000    1.8690  -37.0956
    6.0375    2.0000    8.9000    1.7710  -23.9774
    6.0375    2.0000    8.9000    1.7687  -46.7220
    6.0375    2.0000    9.0000    1.6707  -26.1901
    6.0375    2.0000    9.0000    1.6730  -48.0913
    6.0375    2.0000    9.0000    1.6683  -48.8568
    6.0375    2.0000    9.1000    1.5703  -22.4504
    6.0375    2.0000    9.1000    1.5727  -40.2757
    6.0375    2.0000    9.2000    1.4700  -24.0150
    6.0375    2.0000    9.3000    1.3697  -41.7217
    6.0375    2.0000    9.8000    1.4747  -40.8651
    6.0375    2.0000    9.9000    1.5750  -41.0459
    6.0375    2.0000   10.0000    1.6753  -40.3294
    6.0375    2.0000   10.1000    1.7757  -39.6558
    6.0375    2.0000   10.2000    1.8760  -39.8347
    6.0375    2.0000   10.3000    1.9763  -41.0447
    6.0375    2.0000   10.3000    1.9740  -41.7432
    6.0375    2.0000   10.4000    2.0743  -43.1747
    6.0375    2.0000   10.9000    1.4000  -43.1286
    6.0375    2.0000   11.0000    1.6007  -31.4488
    6.0375    2.0000   11.1000    1.7990  -31.0860
    6.0375    2.0000   11.2000    1.9997  -34.2965
    6.0375    2.0000   12.9000    2.1000  -46.1059
    6.0375    2.0000   13.0000    1.8993  -42.5569
    6.0375    2.0000   13.1000    1.7010  -43.9749
    6.0375    2.0000   13.2000    1.5003  -43.5480
    6.0375    2.0000   13.7000    2.1257  -48.7490
    6.0375    2.0000   13.8000    2.0253  -44.2108
    6.0375    2.0000   13.9000    1.9250  -43.5393
    6.0375    2.0000   14.0000    1.8247  -44.1752
    6.0375    2.0000   14.1000    1.7243  -44.4284
    6.0375    2.0000   14.2000    1.6240  -44.5337
    6.0375    2.0000   14.3000    1.5260  -45.9802
    6.0375    2.0000   15.0000    1.5190  -42.9004
    6.0375    2.0000   15.1000    1.6193  -42.3828
    6.0375    2.0000   15.1000    1.6170  -44.1314
    6.0375    2.0000   15.2000    1.7197  -41.2955
    6.0375    2.0000   15.3000    1.8177  -42.9601
    6.0375    2.0000   15.3000    1.8200  -49.9602
    6.0375    2.0000   15.4000    1.9180  -39.5676
    6.0375    2.0000   15.5000    2.0183  -40.3119
    6.0375    2.0000   15.5000    2.0207  -40.8873
    6.0375    2.0000   15.6000    2.1187  -42.7918
    6.0375    2.0000   16.0000    1.6380  -49.8575
    6.0375    2.0000   16.3000    1.9367  -49.7529
    6.0375    2.0000   18.9000    2.0813  -43.4891
    6.0375    2.0000   19.0000    1.9833  -40.5384
    6.0375    2.0000   19.0000    1.9810  -41.7652
    6.0375    2.0000   19.1000    1.8807  -37.7320
    6.0375    2.0000   19.2000    1.7827  -37.7331
    6.0375    2.0000   19.3000    1.6800  -39.9725
    6.0375    2.0000   19.4000    1.5820  -41.1140
    6.0375    2.0000   19.5000    1.4817  -40.9009


viewData =

    6.1000    2.2500    1.0000    1.9997  -36.9620
    6.1000    2.2500    1.1000    1.7990  -34.1353
    6.1000    2.2500    1.2000    1.6007  -33.9976
    6.1000    2.2500    1.3000    1.4000  -45.8037
    6.1000    2.2500    2.3000    3.4020  -25.7200
    6.1000    2.2500    2.4000    3.2013  -28.6098
    6.1000    2.2500    2.5000    3.0007  -36.0285
    6.1000    2.2500    2.9000    2.2003  -47.4579
    6.1000    2.2500    3.5000    1.4000  -46.0698
    6.1000    2.2500    3.6000    1.5003  -33.6945
    6.1000    2.2500    3.7000    1.6007  -33.2738
    6.1000    2.2500    3.8000    1.7010  -33.4747
    6.1000    2.2500    3.8000    1.3883  -47.8783
    6.1000    2.2500    3.9000    1.7990  -32.0907
    6.1000    2.2500    3.9000    1.4887  -33.8798
    6.1000    2.2500    3.9000    1.8013  -49.9754
    6.1000    2.2500    4.0000    1.8993  -31.7280
    6.1000    2.2500    4.0000    1.5890  -32.7253
    6.1000    2.2500    4.0000    1.5913  -41.2623
    6.1000    2.2500    4.1000    1.6893  -32.6095
    6.1000    2.2500    4.1000    1.9997  -33.0402
    6.1000    2.2500    4.2000    1.7897  -28.3520
    6.1000    2.2500    4.2000    2.1000  -35.4179
    6.1000    2.2500    4.3000    1.8900  -29.8634
    6.1000    2.2500    4.3000    1.8877  -44.0947
    6.1000    2.2500    4.4000    1.9903  -31.2439
    6.1000    2.2500    4.4000    1.9880  -44.6391
    6.1000    2.2500    4.5000    2.0907  -36.1453
    6.1000    2.2500    4.5000    2.0883  -45.3462
    6.1000    2.2500    4.6000    2.1910  -48.9320
    6.1000    2.2500    8.0000    2.1000  -37.7395
    6.1000    2.2500    8.1000    1.9997  -35.4633
    6.1000    2.2500    8.2000    1.8993  -33.7331
    6.1000    2.2500    8.3000    1.7990  -33.3586
    6.1000    2.2500    8.3000    2.1117  -36.2785
    6.1000    2.2500    8.4000    2.0113  -33.7192
    6.1000    2.2500    8.4000    1.7010  -35.0292
    6.1000    2.2500    8.4000    2.0090  -41.1071
    6.1000    2.2500    8.5000    1.6007  -34.1887
    6.1000    2.2500    8.5000    1.9110  -34.3382
    6.1000    2.2500    8.5000    1.9133  -40.4745
    6.1000    2.2500    8.6000    1.8107  -32.1214
    6.1000    2.2500    8.6000    1.5003  -34.9749
    6.1000    2.2500    8.7000    1.7103  -31.6092
    6.1000    2.2500    8.7000    1.7127  -43.5870
    6.1000    2.2500    8.7000    1.4000  -46.8204
    6.1000    2.2500    8.8000    1.6123  -30.1026
    6.1000    2.2500    8.8000    1.6100  -42.3715
    6.1000    2.2500    8.9000    1.5097  -31.8018
    6.1000    2.2500    8.9000    1.5120  -37.1263
    6.1000    2.2500    9.0000    1.4117  -41.4692
    6.1000    2.2500    9.1000    1.5213  -46.7408
    6.1000    2.2500    9.2000    1.6217  -45.7310
    6.1000    2.2500    9.3000    1.7220  -46.5552
    6.1000    2.2500    9.3000    1.7243  -48.1176
    6.1000    2.2500    9.4000    1.8247  -44.8245
    6.1000    2.2500    9.4000    1.8223  -48.9545
    6.1000    2.2500    9.5000    1.9227  -46.6168
    6.1000    2.2500    9.6000    2.0230  -48.7584
    6.1000    2.2500    9.7000    1.5003  -47.6533
    6.1000    2.2500    9.8000    1.6007  -45.7265
    6.1000    2.2500    9.9000    1.7010  -47.8465
    6.1000    2.2500   10.0000    1.7990  -46.0790
    6.1000    2.2500   10.1000    1.8993  -45.5896
    6.1000    2.2500   10.2000    1.9997  -48.5065
    6.1000    2.2500   10.3000    2.1000  -49.6097
    6.1000    2.2500   10.5000    1.6777  -47.5634
    6.1000    2.2500   10.6000    1.7780  -49.2706
    6.1000    2.2500   10.7000    1.8783  -47.6911
    6.1000    2.2500   10.9000    1.4000  -44.1160
    6.1000    2.2500   11.0000    1.6007  -32.6036
    6.1000    2.2500   11.1000    1.7990  -32.1388
    6.1000    2.2500   11.1000    1.8013  -49.2970
    6.1000    2.2500   11.2000    1.9997  -35.0005
    6.1000    2.2500   13.2000    1.9997  -46.1246
    6.1000    2.2500   13.3000    1.7990  -45.5503
    6.1000    2.2500   13.4000    1.6007  -47.6113
    6.1000    2.2500   13.7000    1.8760  -49.8602
    6.1000    2.2500   15.4000    1.4093  -48.0261
    6.1000    2.2500   15.5000    1.5097  -35.6329
    6.1000    2.2500   15.6000    1.6100  -38.6666
    6.1000    2.2500   15.7000    1.7103  -36.4289
    6.1000    2.2500   15.7000    1.7127  -45.7054
    6.1000    2.2500   15.8000    1.8107  -36.0361
    6.1000    2.2500   15.9000    1.9110  -37.6450
    6.1000    2.2500   16.0000    2.0113  -37.3310
    6.1000    2.2500   16.1000    2.1117  -39.4115
    6.1000    2.2500   19.9000    2.0883  -47.8428
    6.1000    2.2500   20.0000    1.9903  -47.8548


viewData =

    6.1625    2.5000    1.1000    2.0510  -36.1853
    6.1625    2.5000    1.2000    1.8503  -33.7722
    6.1625    2.5000    1.3000    1.6497  -32.4824
    6.1625    2.5000    1.4000    1.4490  -33.2146
    6.1625    2.5000    2.5000    3.5000  -22.2200
    6.1625    2.5000    2.6000    3.3017  -26.4443
    6.1625    2.5000    2.7000    3.1010  -32.0243
    6.1625    2.5000    2.8000    2.9003  -40.6763
    6.1625    2.5000    3.1000    1.4397  -33.4597
    6.1625    2.5000    3.1000    1.4420  -34.3200
    6.1625    2.5000    3.2000    1.5400  -32.3602
    6.1625    2.5000    3.2000    1.5423  -42.2742
    6.1625    2.5000    3.2000    2.1000  -42.8012
    6.1625    2.5000    3.3000    1.6403  -31.5936
    6.1625    2.5000    3.3000    1.6427  -49.9446
    6.1625    2.5000    3.4000    1.7430  -31.1576
    6.1625    2.5000    3.4000    1.7407  -33.8598
    6.1625    2.5000    3.4000    1.4863  -36.9870
    6.1625    2.5000    3.5000    1.8410  -31.5231
    6.1625    2.5000    3.5000    1.5867  -36.3543
    6.1625    2.5000    3.5000    1.8433  -43.0186
    6.1625    2.5000    3.6000    1.9413  -29.1630
    6.1625    2.5000    3.6000    1.6870  -36.1350
    6.1625    2.5000    3.6000    1.9437  -48.6900
    6.1625    2.5000    3.7000    2.0417  -31.7935
    6.1625    2.5000    3.7000    1.7873  -34.8162
    6.1625    2.5000    3.8000    1.8877  -34.9622
    6.1625    2.5000    3.8000    2.1420  -38.6452
    6.1625    2.5000    3.9000    1.9880  -35.9307
    6.1625    2.5000    4.0000    2.0883  -37.8550
    6.1625    2.5000    8.0000    2.1583  -47.6154
    6.1625    2.5000    8.1000    2.0603  -34.3058
    6.1625    2.5000    8.1000    2.0580  -35.3795
    6.1625    2.5000    8.2000    1.9600  -31.2189
    6.1625    2.5000    8.2000    1.9577  -45.6031
    6.1625    2.5000    8.3000    1.8597  -30.1075
    6.1625    2.5000    8.3000    2.1117  -41.2859
    6.1625    2.5000    8.3000    1.8573  -44.8264
    6.1625    2.5000    8.3000    2.1140  -46.7698
    6.1625    2.5000    8.4000    1.7593  -30.6455
    6.1625    2.5000    8.4000    2.0137  -38.4362
    6.1625    2.5000    8.5000    1.6590  -30.8906
    6.1625    2.5000    8.5000    1.9133  -36.0192
    6.1625    2.5000    8.6000    1.5587  -33.4724
    6.1625    2.5000    8.6000    1.8130  -36.3677
    6.1625    2.5000    8.7000    1.4583  -31.7229
    6.1625    2.5000    8.7000    1.7127  -36.3670
    6.1625    2.5000    8.8000    1.6123  -36.1476
    6.1625    2.5000    8.9000    1.5120  -36.2656
    6.1625    2.5000    9.0000    1.4117  -46.0531
    6.1625    2.5000    9.6000    1.5260  -49.2439
    6.1625    2.5000    9.7000    1.6240  -49.6875
    6.1625    2.5000    9.8000    1.7243  -49.1480
    6.1625    2.5000    9.9000    1.8247  -49.4695
    6.1625    2.5000   10.0000    1.9250  -49.2819
    6.1625    2.5000   10.9000    1.4000  -45.5164
    6.1625    2.5000   11.0000    1.6007  -33.7586
    6.1625    2.5000   11.1000    1.7990  -33.5328
    6.1625    2.5000   11.2000    1.9997  -36.5217
    6.1625    2.5000   13.5000    1.8993  -47.3466
    6.1625    2.5000   15.9000    1.4093  -49.1963
    6.1625    2.5000   16.0000    1.5097  -40.6431
    6.1625    2.5000   16.1000    1.6100  -43.2239
    6.1625    2.5000   16.2000    1.7103  -41.4165
    6.1625    2.5000   16.3000    1.8083  -43.8748
    6.1625    2.5000   16.3000    1.8107  -44.9866
    6.1625    2.5000   16.4000    1.9087  -41.3667
    6.1625    2.5000   16.5000    2.0090  -45.1121
    6.1625    2.5000   16.6000    2.1093  -45.7261


viewData =

    6.2250    2.7500    1.2000    2.1000  -37.7240
    6.2250    2.7500    1.3000    1.8993  -32.2611
    6.2250    2.7500    1.4000    1.7010  -32.0263
    6.2250    2.7500    1.5000    1.5003  -33.0161
    6.2250    2.7500    2.3000    1.3930  -43.9689
    6.2250    2.7500    2.4000    1.4933  -28.3249
    6.2250    2.7500    2.4000    1.4957  -44.9692
    6.2250    2.7500    2.5000    1.5937  -30.7514
    6.2250    2.7500    2.5000    1.5960  -48.8845
    6.2250    2.7500    2.6000    1.6940  -29.5497
    6.2250    2.7500    2.6000    1.6963  -46.8233
    6.2250    2.7500    2.7000    1.7920  -46.9981
    6.2250    2.7500    2.8000    3.4020  -26.2140
    6.2250    2.7500    2.8000    1.8947  -29.3546
    6.2250    2.7500    2.8000    1.8923  -47.7498
    6.2250    2.7500    2.9000    3.2013  -28.8058
    6.2250    2.7500    2.9000    1.9950  -29.9437
    6.2250    2.7500    3.0000    2.0953  -32.5917
    6.2250    2.7500    3.0000    2.0930  -33.7172
    6.2250    2.7500    3.0000    3.0007  -36.6541
    6.2250    2.7500    3.1000    2.1933  -47.0897
    6.2250    2.7500    3.2000    1.4747  -40.5711
    6.2250    2.7500    3.3000    1.5750  -39.9946
    6.2250    2.7500    3.4000    1.6753  -39.3511
    6.2250    2.7500    3.4000    2.2003  -46.2135
    6.2250    2.7500    3.5000    1.7757  -37.8734
    6.2250    2.7500    3.5000    1.9997  -47.8991
    6.2250    2.7500    3.6000    1.8760  -38.1158
    6.2250    2.7500    3.7000    1.9763  -39.1753
    6.2250    2.7500    3.7000    1.9740  -40.0355
    6.2250    2.7500    3.8000    2.0743  -40.8602
    6.2250    2.7500    7.7000    2.2073  -48.1222
    6.2250    2.7500    7.8000    2.1070  -31.7354
    6.2250    2.7500    7.9000    2.0067  -30.7825
    6.2250    2.7500    8.0000    1.9063  -29.8210
    6.2250    2.7500    8.0000    1.9040  -48.9840
    6.2250    2.7500    8.1000    1.8083  -27.1277
    6.2250    2.7500    8.2000    1.7057  -29.9181
    6.2250    2.7500    8.2000    1.7080  -48.2030
    6.2250    2.7500    8.2000    1.8877  -49.1195
    6.2250    2.7500    8.3000    1.6077  -27.9396
    6.2250    2.7500    8.3000    1.6053  -43.4580
    6.2250    2.7500    8.4000    1.5050  -29.0453
    6.2250    2.7500    8.4000    1.5073  -43.9053
    6.2250    2.7500    8.5000    1.4070  -40.3973
    6.2250    2.7500    8.6000    2.1257  -44.7605
    6.2250    2.7500    8.7000    2.0253  -39.6440
    6.2250    2.7500    8.8000    1.9250  -38.6830
    6.2250    2.7500    8.9000    1.8247  -38.8177
    6.2250    2.7500    9.0000    1.7243  -39.4838
    6.2250    2.7500    9.1000    1.6240  -39.2114
    6.2250    2.7500    9.2000    1.5260  -40.4462
    6.2250    2.7500    9.2000    1.5237  -44.5770
    6.2250    2.7500    9.3000    1.4257  -46.2371
    6.2250    2.7500   10.9000    1.4000  -46.8855
    6.2250    2.7500   11.0000    1.6007  -34.6176
    6.2250    2.7500   11.1000    1.7990  -33.8316
    6.2250    2.7500   11.2000    1.9997  -37.2785
    6.2250    2.7500   13.7000    1.9997  -44.8026
    6.2250    2.7500   13.8000    1.7990  -44.5724
    6.2250    2.7500   13.9000    1.6007  -47.1337
    6.2250    2.7500   16.5000    1.5073  -41.4743
    6.2250    2.7500   16.6000    1.6077  -40.4881
    6.2250    2.7500   16.7000    1.7080  -42.7234
    6.2250    2.7500   16.8000    1.8083  -40.9481
    6.2250    2.7500   16.9000    1.9063  -40.9671
    6.2250    2.7500   16.9000    1.9087  -46.3673
    6.2250    2.7500   17.0000    2.0090  -42.5990
    6.2250    2.7500   17.1000    2.1070  -47.3201


viewData =

    6.2875    3.0000    1.3000    2.1513  -48.8951
    6.2875    3.0000    1.4000    1.9507  -31.1772
    6.2875    3.0000    1.5000    1.7500  -31.4402
    6.2875    3.0000    1.6000    1.4770  -35.5426
    6.2875    3.0000    1.6000    1.5493  -37.2758
    6.2875    3.0000    1.6000    1.4747  -42.0586
    6.2875    3.0000    1.7000    1.5750  -31.1310
    6.2875    3.0000    1.7000    1.5773  -47.4242
    6.2875    3.0000    1.8000    1.6753  -32.4465
    6.2875    3.0000    1.8000    1.6777  -48.4433
    6.2875    3.0000    1.9000    1.7757  -29.5886
    6.2875    3.0000    1.9000    1.7733  -38.3938
    6.2875    3.0000    2.0000    1.8760  -32.5189
    6.2875    3.0000    2.0000    1.8737  -43.6885
    6.2875    3.0000    2.1000    1.9740  -32.6452
    6.2875    3.0000    2.1000    1.9763  -38.7931
    6.2875    3.0000    2.2000    2.0743  -32.2471
    6.2875    3.0000    2.3000    2.1747  -47.2094
    6.2875    3.0000    3.0000    3.5000  -22.1161
    6.2875    3.0000    3.0000    1.4630  -43.8710
    6.2875    3.0000    3.1000    3.3017  -25.8332
    6.2875    3.0000    3.1000    1.5633  -42.4683
    6.2875    3.0000    3.2000    3.1010  -31.4667
    6.2875    3.0000    3.2000    1.6613  -41.2923
    6.2875    3.0000    3.2000    1.6637  -43.0509
    6.2875    3.0000    3.3000    2.9003  -39.4517
    6.2875    3.0000    3.3000    1.7617  -40.2454
    6.2875    3.0000    3.4000    1.8620  -40.6474
    6.2875    3.0000    3.5000    1.9623  -41.1427
    6.2875    3.0000    3.6000    2.0627  -42.8004
    6.2875    3.0000    3.7000    2.1000  -42.2859
    6.2875    3.0000    7.5000    2.1280  -36.2232
    6.2875    3.0000    7.5000    2.1303  -49.3341
    6.2875    3.0000    7.6000    2.0277  -31.8882
    6.2875    3.0000    7.6000    2.0300  -44.1809
    6.2875    3.0000    7.7000    1.9273  -32.0767
    6.2875    3.0000    7.7000    1.9297  -32.6759
    6.2875    3.0000    7.8000    1.8270  -32.6602
    6.2875    3.0000    7.8000    1.8293  -32.9417
    6.2875    3.0000    7.9000    1.7290  -33.2760
    6.2875    3.0000    7.9000    1.7267  -43.2072
    6.2875    3.0000    8.0000    1.6287  -30.9392
    6.2875    3.0000    8.0000    1.6263  -47.7672
    6.2875    3.0000    8.1000    1.5283  -34.5516
    6.2875    3.0000    8.2000    1.4280  -37.4271
    6.2875    3.0000    8.9000    2.1373  -49.9575
    6.2875    3.0000    9.0000    2.0370  -42.7147
    6.2875    3.0000    9.1000    1.9367  -42.8912
    6.2875    3.0000    9.2000    1.8387  -42.9631
    6.2875    3.0000    9.3000    1.7383  -42.3438
    6.2875    3.0000    9.4000    1.6380  -42.9729
    6.2875    3.0000    9.5000    1.5377  -43.0352
    6.2875    3.0000    9.6000    1.4373  -46.6451
    6.2875    3.0000   11.0000    1.6007  -38.3245
    6.2875    3.0000   11.1000    1.7990  -37.4308
    6.2875    3.0000   11.2000    1.9997  -40.0359
    6.2875    3.0000   13.9000    2.1000  -47.6199
    6.2875    3.0000   14.0000    1.8993  -45.2735
    6.2875    3.0000   14.1000    1.7010  -46.9114
    6.2875    3.0000   14.2000    1.5003  -49.2506


viewData =

    6.3500    3.2500    1.4000    2.2003  -49.2386
    6.3500    3.2500    1.5000    1.9997  -31.7545
    6.3500    3.2500    1.6000    1.7990  -34.1155
    6.3500    3.2500    1.7000    1.6007  -35.7548
    6.3500    3.2500    1.8000    1.4000  -49.2264
    6.3500    3.2500    2.8000    1.4490  -44.1705
    6.3500    3.2500    2.9000    1.5493  -43.7679
    6.3500    3.2500    3.0000    1.6497  -42.7430
    6.3500    3.2500    3.1000    1.7500  -41.7677
    6.3500    3.2500    3.2000    1.8503  -42.8976
    6.3500    3.2500    3.3000    3.4020  -24.7219
    6.3500    3.2500    3.3000    1.9507  -42.0521
    6.3500    3.2500    3.4000    3.2013  -27.9459
    6.3500    3.2500    3.4000    2.0510  -43.7070
    6.3500    3.2500    3.5000    3.0007  -35.6219
    6.3500    3.2500    3.9000    2.2003  -47.4381
    6.3500    3.2500    4.0000    1.9997  -47.9609
    6.3500    3.2500    9.3000    2.0510  -45.7373
    6.3500    3.2500    9.4000    1.9507  -45.1829
    6.3500    3.2500    9.5000    1.8503  -43.6841
    6.3500    3.2500    9.6000    1.7500  -43.2902
    6.3500    3.2500    9.7000    1.6497  -43.0367
    6.3500    3.2500    9.8000    1.5493  -43.4783
    6.3500    3.2500    9.9000    1.4490  -45.4745
    6.3500    3.2500   11.0000    1.6007  -41.0446
    6.3500    3.2500   11.1000    1.7990  -40.1275
    6.3500    3.2500   11.2000    1.9997  -41.7065
    6.3500    3.2500   14.2000    1.9997  -45.5008
    6.3500    3.2500   14.3000    1.7990  -44.9350
    6.3500    3.2500   14.4000    1.6007  -48.5451


viewData =

    6.4125    3.5000    1.6000    2.0510  -36.7478
    6.4125    3.5000    1.7000    1.8503  -36.1977
    6.4125    3.5000    1.8000    1.6497  -37.6801
    6.4125    3.5000    1.9000    1.4490  -39.7296
    6.4125    3.5000    2.6000    1.4373  -47.9469
    6.4125    3.5000    2.7000    1.5377  -45.3456
    6.4125    3.5000    2.8000    1.6380  -44.5170
    6.4125    3.5000    2.9000    1.7383  -44.7679
    6.4125    3.5000    3.0000    1.8387  -44.1267
    6.4125    3.5000    3.1000    1.9367  -45.5515
    6.4125    3.5000    3.2000    2.0370  -46.9877
    6.4125    3.5000    3.5000    3.5000  -22.6144
    6.4125    3.5000    3.6000    3.3017  -27.1411
    6.4125    3.5000    3.7000    3.1010  -32.8054
    6.4125    3.5000    3.8000    2.9003  -41.5749
    6.4125    3.5000    4.2000    2.1000  -43.5339
    6.4125    3.5000    9.6000    2.0627  -47.7616
    6.4125    3.5000    9.7000    1.9623  -46.1677
    6.4125    3.5000    9.8000    1.8620  -45.0029
    6.4125    3.5000    9.9000    1.7617  -43.9196
    6.4125    3.5000   10.0000    1.6613  -44.3249
    6.4125    3.5000   10.0000    1.6637  -46.0171
    6.4125    3.5000   10.1000    1.5633  -45.3370
    6.4125    3.5000   10.2000    1.4630  -46.5267
    6.4125    3.5000   11.0000    1.6007  -41.5183
    6.4125    3.5000   11.1000    1.7990  -39.1185
    6.4125    3.5000   11.2000    1.9997  -40.7828
    6.4125    3.5000   14.5000    1.8993  -46.3304
    6.4125    3.5000   14.6000    1.7010  -46.5077
    6.4125    3.5000   14.7000    1.5003  -46.1352


viewData =

    6.4750    3.7500    1.7000    2.1000  -39.3070
    6.4750    3.7500    1.8000    1.8993  -37.6660
    6.4750    3.7500    1.9000    1.7010  -39.1652
    6.4750    3.7500    2.0000    1.5003  -39.4673
    6.4750    3.7500    2.5000    1.5260  -48.1131
    6.4750    3.7500    2.6000    1.6240  -46.9815
    6.4750    3.7500    2.7000    1.7243  -47.1513
    6.4750    3.7500    2.8000    1.8247  -47.9235
    6.4750    3.7500    2.9000    1.9250  -47.1158
    6.4750    3.7500    3.0000    2.0253  -49.8367
    6.4750    3.7500    3.8000    3.4020  -27.0461
    6.4750    3.7500    3.9000    3.2013  -29.4993
    6.4750    3.7500    4.0000    3.0007  -36.7385
    6.4750    3.7500    4.4000    2.2003  -46.4369
    6.4750    3.7500    4.5000    1.9997  -48.4995
    6.4750    3.7500    9.9000    2.0743  -49.5137
    6.4750    3.7500   10.1000    1.8760  -48.7682
    6.4750    3.7500   10.2000    1.7757  -49.2095
    6.4750    3.7500   10.3000    1.6753  -49.3750
    6.4750    3.7500   10.4000    1.5750  -49.4650
    6.4750    3.7500   11.0000    1.6007  -39.5217
    6.4750    3.7500   11.1000    1.7990  -37.3527
    6.4750    3.7500   11.2000    1.9997  -39.0255
    6.4750    3.7500   14.7000    1.9997  -44.9020
    6.4750    3.7500   14.8000    1.7990  -42.9647
    6.4750    3.7500   14.9000    1.6007  -44.9876

>> 