Rx:004576-00 10 05 00 00 4B 96 0E 10 42 A0 40 00 3D 32 00 00 00 00 00 00 00 00 A5 E0 41 23 01 A0 41 31 56 F0 41 80 AC A0 41 7E C2 0E 42 3E C2 0E 42 3E 2A 5F 3D A3 22 F8 3D EF 00 02 00 02 00 00 00 00 00 00 00 00 00 00 00 00 00 00 00 00 00 00 00 00 00 00 00 00 00 00 00 00 00 00 00 00 00 00 00 00 00 00 41 A0 00 00 41 A0 FF 30 41 9F FF 30 41 9F 00 00 42 70 00 00 42 70 B8 0B 00 00 07 D0 00 00 00 00 00 00 00 00 00 00 41 F0 00 00 42 20 00 00 41 20 00 00 41 A0 00 60 00 00 FF F0 FF FF A0 E5 
Rx:004577-00 10 05 00 00 4B 96 0E 10 42 A0 40 00 3D 32 00 00 00 00 00 00 00 00 A5 E0 41 23 DE 20 41 42 D6 F0 41 80 AC A0 41 7E 64 AF 42 3E D9 65 42 3E 52 C7 3D A2 4B 07 3D FB 00 02 00 02 00 00 00 00 00 00 00 00 00 00 00 00 00 00 00 00 00 00 00 00 00 00 00 00 00 00 00 00 00 00 00 00 00 00 00 00 00 00 41 A0 00 00 41 A0 FF 30 41 9F FF 30 41 9F 00 00 42 70 00 00 42 70 B8 0B 00 00 07 D0 00 00 00 00 00 00 00 00 00 00 41 F0 00 00 42 20 00 00 41 20 00 00 41 A0 00 60 00 00 FF F0 FF FF A5 76 
Rx:004578-00 10 05 00 00 4B 96 0E 10 42 A0 40 00 3D 32 00 00 00 00 00 00 00 00 A5 E0 41 23 EE 00 41 39 D6 F0 41 80 AC A0 41 7E 59 03 42 3E C9 D6 42 3E 7E B9 3D B6 3D 4B 3D F9 00 02 00 02 00 00 00 00 00 00 00 00 00 00 00 00 00 00 00 00 00 00 00 00 00 00 00 00 00 00 00 00 00 00 00 00 00 00 00 00 00 00 41 A0 00 00 41 A0 FF 30 41 9F FF 30 41 9F 00 00 42 70 00 00 42 70 B8 0B 00 00 07 D0 00 00 00 00 00 00 00 00 00 00 41 F0 00 00 42 20 00 00 41 20 00 00 41 A0 00 60 00 00 FF F0 FF FF 36 DA 
Rx:004579-00 10 05 00 00 4B 96 0E 10 42 A0 40 00 3D 32 00 00 00 00 00 00 00 00 EE 00 41 39 D1 C0 41 4B D6 F0 41 80 AC A0 41 7E 68 93 42 3E CD B9 42 3E 20 51 3D DF 31 19 3D 98 00 02 00 02 00 00 00 00 00 00 00 00 00 00 00 00 00 00 00 00 00 00 00 00 00 00 00 00 00 00 00 00 00 00 00 00 00 00 00 00 00 00 41 A0 00 00 41 A0 FF 30 41 9F FF 30 41 9F 00 00 42 70 00 00 42 70 B8 0B 00 00 07 D0 00 00 00 00 00 00 00 00 00 00 41 F0 00 00 42 20 00 00 41 20 00 00 41 A0 00 60 00 00 FF F0 FF FF D2 77 
Rx:004580-00 10 05 00 00 4B 96 0E 10 42 A0 40 00 3D 32 00 00 00 00 00 00 00 00 77 80 41 35 01 A0 41 31 56 F0 41 80 AC A0 41 7E B6 62 42 3E D1 9D 42 3E DE C1 3D B6 53 A2 3D F3 00 02 00 02 00 00 00 00 00 00 00 00 00 00 00 00 00 00 00 00 00 00 00 00 00 00 00 00 00 00 00 00 00 00 00 00 00 00 00 00 00 00 41 A0 00 00 41 A0 FF 30 41 9F FF 30 41 9F 00 00 42 70 00 00 42 70 B8 0B 00 00 07 D0 00 00 00 00 00 00 00 00 00 00 41 F0 00 00 42 20 00 00 41 20 00 00 41 A0 00 60 00 00 FF F0 FF FF 59 38 
Rx:004581-00 10 05 00 00 4B 96 0E 10 42 A0 40 00 3D 32 00 00 00 00 00 00 00 00 01 A0 41 31 DE 20 41 42 56 F0 41 80 AC A0 41 7E 5C E7 42 3E D1 9D 42 3E 45 97 3D 93 73 59 3D 74 00 02 00 02 00 00 00 00 00 00 00 00 00 00 00 00 00 00 00 00 00 00 00 00 00 00 00 00 00 00 00 00 00 00 00 00 00 00 00 00 00 00 41 A0 00 00 41 A0 FF 30 41 9F FF 30 41 9F 00 00 42 70 00 00 42 70 B8 0B 00 00 07 D0 00 00 00 00 00 00 00 00 00 00 41 F0 00 00 42 20 00 00 41 20 00 00 41 A0 00 60 00 00 FF F0 FF FF 1E 61 
Rx:004582-00 10 05 00 00 4B 96 0E 10 42 A0 40 00 3D 32 00 00 00 00 00 00 00 00 18 E0 41 28 65 A0 41 3E D6 F0 41 80 AC A0 41 7E 68 93 42 3E CD B9 42 3E 16 F4 3D 99 05 D1 3D 8F 00 02 00 02 00 00 00 00 00 00 00 00 00 00 00 00 00 00 00 00 00 00 00 00 00 00 00 00 00 00 00 00 00 00 00 00 00 00 00 00 00 00 41 A0 00 00 41 A0 FF 30 41 9F FF 30 41 9F 00 00 42 70 00 00 42 70 B8 0B 00 00 07 D0 00 00 00 00 00 00 00 00 00 00 41 F0 00 00 42 20 00 00 41 20 00 00 41 A0 00 60 00 00 FF F0 FF FF DF DE 
Rx:004583-00 10 05 00 00 4B 96 0E 10 42 A0 40 00 3D 32 00 00 00 00 00 00 00 00 A5 E0 41 23 EE 00 41 39 56 F0 41 80 AC A0 41 7E 68 93 42 3E DD 49 42 3E 50 0D 3D A7 FD 30 3D C0 00 02 00 02 00 00 00 00 00 00 00 00 00 00 00 00 00 00 00 00 00 00 00 00 00 00 00 00 00 00 00 00 00 00 00 00 00 00 00 00 00 00 41 A0 00 00 41 A0 FF 30 41 9F FF 30 41 9F 00 00 42 70 00 00 42 70 B8 0B 00 00 07 D0 00 00 00 00 00 00 00 00 00 00 41 F0 00 00 42 20 00 00 41 20 00 00 41 A0 00 60 00 00 FF F0 FF FF E4 C2 
Rx:004584-00 10 05 00 00 4B 96 0E 10 42 A0 40 00 3D 32 00 00 00 00 00 00 00 00 18 E0 41 28 8C C0 41 2C 56 F0 41 80 AC A0 41 7E 68 93 42 3E D5 81 42 3E D2 DF 3D AE BC 87 3D 93 00 02 00 02 00 00 00 00 00 00 00 00 00 00 00 00 00 00 00 00 00 00 00 00 00 00 00 00 00 00 00 00 00 00 00 00 00 00 00 00 00 00 41 A0 00 00 41 A0 FF 30 41 9F FF 30 41 9F 00 00 42 70 00 00 42 70 B8 0B 00 00 07 D0 00 00 00 00 00 00 00 00 00 00 41 F0 00 00 42 20 00 00 41 20 00 00 41 A0 00 60 00 00 FF F0 FF FF 6D 07 
Rx:004585-00 10 05 00 00 4B 96 0E 10 42 A0 40 00 3D 32 00 00 00 00 00 00 00 00 EE 00 41 39 EE 00 41 39 56 F0 41 80 AC A0 41 7E 60 CB 42 3E D5 81 42 3E F0 82 3D AD 2A 5F 3D A3 00 02 00 02 00 00 00 00 00 00 00 00 00 00 00 00 00 00 00 00 00 00 00 00 00 00 00 00 00 00 00 00 00 00 00 00 00 00 00 00 00 00 41 A0 00 00 41 A0 FF 30 41 9F FF 30 41 9F 00 00 42 70 00 00 42 70 B8 0B 00 00 07 D0 00 00 00 00 00 00 00 00 00 00 41 F0 00 00 42 20 00 00 41 20 00 00 41 A0 00 60 00 00 FF F0 FF FF 7C E9 
Rx:004586-00 10 05 00 00 4B 96 0E 10 42 A0 40 00 3D 32 00 00 00 00 00 00 00 00 EE 00 41 39 01 A0 41 31 56 F0 41 80 AC A0 41 7E 68 93 42 3E C9 D6 42 3E AE 0E 3D BC 12 AA 3D 7E 00 02 00 02 00 00 00 00 00 00 00 00 00 00 00 00 00 00 00 00 00 00 00 00 00 00 00 00 00 00 00 00 00 00 00 00 00 00 00 00 00 00 41 A0 00 00 41 A0 FF 30 41 9F FF 30 41 9F 00 00 42 70 00 00 42 70 B8 0B 00 00 07 D0 00 00 00 00 00 00 00 00 00 00 41 F0 00 00 42 20 00 00 41 20 00 00 41 A0 00 60 00 00 FF F0 FF FF F1 ED 
Rx:004587-00 10 05 00 00 4B 96 0E 10 42 A0 40 00 3D 32 00 00 00 00 00 00 00 00 A5 E0 41 23 DE 20 41 42 56 F0 41 80 AC A0 41 7E 5C E7 42 3E C5 F2 42 3E 96 BF 3D B6 27 10 3D 89 00 02 00 02 00 00 00 00 00 00 00 00 00 00 00 00 00 00 00 00 00 00 00 00 00 00 00 00 00 00 00 00 00 00 00 00 00 00 00 00 00 00 41 A0 00 00 41 A0 FF 30 41 9F FF 30 41 9F 00 00 42 70 00 00 42 70 B8 0B 00 00 07 D0 00 00 00 00 00 00 00 00 00 00 41 F0 00 00 42 20 00 00 41 20 00 00 41 A0 00 60 00 00 FF F0 FF FF 72 B4 
Rx:004588-00 10 05 00 00 4B 96 0E 10 42 A0 40 00 3D 32 00 00 00 00 00 00 00 00 A5 E0 41 23 77 80 41 35 D6 F0 41 80 AC A0 41 7E 68 93 42 3E D5 81 42 3E DB D7 3D 8F 73 2A 3D B1 00 02 00 02 00 00 00 00 00 00 00 00 00 00 00 00 00 00 00 00 00 00 00 00 00 00 00 00 00 00 00 00 00 00 00 00 00 00 00 00 00 00 41 A0 00 00 41 A0 FF 30 41 9F FF 30 41 9F 00 00 42 70 00 00 42 70 B8 0B 00 00 07 D0 00 00 00 00 00 00 00 00 00 00 41 F0 00 00 42 20 00 00 41 20 00 00 41 A0 00 60 00 00 FF F0 FF FF EF 30 
Rx:004589-00 10 05 00 00 4B 96 0E 10 42 A0 40 00 3D 32 00 00 00 00 00 00 00 00 18 E0 41 28 8C C0 41 2C 56 F0 41 80 AC A0 41 7E 51 3B 42 3E C9 D6 42 3E D4 10 3D 9D D9 27 3D 75 00 02 00 02 00 00 00 00 00 00 00 00 00 00 00 00 00 00 00 00 00 00 00 00 00 00 00 00 00 00 00 00 00 00 00 00 00 00 00 00 00 00 41 A0 00 00 41 A0 FF 30 41 9F FF 30 41 9F 00 00 42 70 00 00 42 70 B8 0B 00 00 07 D0 00 00 00 00 00 00 00 00 00 00 41 F0 00 00 42 20 00 00 41 20 00 00 41 A0 00 60 00 00 FF F0 FF FF 48 B2 
Rx:004590-00 10 05 00 00 4B 96 0E 10 42 A0 40 00 3D 32 00 00 00 00 00 00 00 00 A5 E0 41 23 8C C0 41 2C D6 F0 41 80 AC A0 41 7E 49 73 42 3E C9 D6 42 3E A6 BE 3D 89 46 66 3D 60 00 02 00 02 00 00 00 00 00 00 00 00 00 00 00 00 00 00 00 00 00 00 00 00 00 00 00 00 00 00 00 00 00 00 00 00 00 00 00 00 00 00 41 A0 00 00 41 A0 FF 30 41 9F FF 30 41 9F 00 00 42 70 00 00 42 70 B8 0B 00 00 07 D0 00 00 00 00 00 00 00 00 00 00 41 F0 00 00 42 20 00 00 41 20 00 00 41 A0 00 60 00 00 FF F0 FF FF 71 FF 
Rx:004591-00 10 05 00 00 4B 96 0E 10 42 A0 40 00 3D 32 00 00 00 00 00 00 00 00 A5 E0 41 23 DE 20 41 42 D6 F0 41 80 AC A0 41 7E BE 2A 42 3E C5 F2 42 3E D9 4D 3D D0 96 72 3D E4 00 02 00 02 00 00 00 00 00 00 00 00 00 00 00 00 00 00 00 00 00 00 00 00 00 00 00 00 00 00 00 00 00 00 00 00 00 00 00 00 00 00 41 A0 00 00 41 A0 FF 30 41 9F FF 30 41 9F 00 00 42 70 00 00 42 70 B8 0B 00 00 07 D0 00 00 00 00 00 00 00 00 00 00 41 F0 00 00 42 20 00 00 41 20 00 00 41 A0 00 60 00 00 FF F0 FF FF DF 40 
Rx:004592-00 10 05 00 00 4B 96 0E 10 42 A0 40 00 3D 32 00 00 00 00 00 00 00 00 18 E0 41 28 65 A0 41 3E 56 F0 41 80 AC A0 41 7E 55 1F 42 3E D5 81 42 3E 73 29 3D B1 A4 91 3D B1 00 02 00 02 00 00 00 00 00 00 00 00 00 00 00 00 00 00 00 00 00 00 00 00 00 00 00 00 00 00 00 00 00 00 00 00 00 00 00 00 00 00 41 A0 00 00 41 A0 FF 30 41 9F FF 30 41 9F 00 00 42 70 00 00 42 70 B8 0B 00 00 07 D0 00 00 00 00 00 00 00 00 00 00 41 F0 00 00 42 20 00 00 41 20 00 00 41 A0 00 60 00 00 FF F0 FF FF 8E 2E 
Rx:004593-00 10 05 00 00 4B 96 0E 10 42 A0 40 00 3D 32 00 00 00 00 00 00 00 00 65 A0 41 3E DE 20 41 42 D6 F0 41 80 AC A0 41 7E 64 AF 42 3E F0 BD 42 3E 0E 13 3E 14 1F 09 3D 86 00 02 00 02 00 00 00 00 00 00 00 00 00 00 00 00 00 00 00 00 00 00 00 00 00 00 00 00 00 00 00 00 00 00 00 00 00 00 00 00 00 00 41 A0 00 00 41 A0 FF 30 41 9F FF 30 41 9F 00 00 42 70 00 00 42 70 B8 0B 00 00 07 D0 00 00 00 00 00 00 00 00 00 00 41 F0 00 00 42 20 00 00 41 20 00 00 41 A0 00 60 00 00 FF F0 FF FF C7 1F 
Rx:004594-00 10 05 00 00 4B 96 0E 10 42 A0 40 00 3D 32 00 00 00 00 00 00 00 00 18 E0 41 28 DE 20 41 42 56 F0 41 80 AC A0 41 7E C9 D6 42 3E C2 0E 42 3E AE 0E 3D BC 9A C6 3D B2 00 02 00 02 00 00 00 00 00 00 00 00 00 00 00 00 00 00 00 00 00 00 00 00 00 00 00 00 00 00 00 00 00 00 00 00 00 00 00 00 00 00 41 A0 00 00 41 A0 FF 30 41 9F FF 30 41 9F 00 00 42 70 00 00 42 70 B8 0B 00 00 07 D0 00 00 00 00 00 00 00 00 00 00 41 F0 00 00 42 20 00 00 41 20 00 00 41 A0 00 60 00 00 FF F0 FF FF 09 6F 
Rx:004595-00 10 05 00 00 4B 96 0E 10 42 A0 40 00 3D 32 00 00 00 00 00 00 00 00 18 E0 41 28 EE 00 41 39 56 F0 41 80 AC A0 41 7E 64 AF 42 3E CD B9 42 3E C8 18 3E 18 2C FD 3D 9D 00 02 00 02 00 00 00 00 00 00 00 00 00 00 00 00 00 00 00 00 00 00 00 00 00 00 00 00 00 00 00 00 00 00 00 00 00 00 00 00 00 00 41 A0 00 00 41 A0 FF 30 41 9F FF 30 41 9F 00 00 42 70 00 00 42 70 B8 0B 00 00 07 D0 00 00 00 00 00 00 00 00 00 00 41 F0 00 00 42 20 00 00 41 20 00 00 41 A0 00 60 00 00 FF F0 FF FF 05 B2 
Rx:004596-00 10 05 00 00 4B 96 0E 10 42 A0 40 00 3D 32 00 00 00 00 00 00 00 00 8C C0 41 2C 65 A0 41 3E D6 F0 41 80 AC A0 41 7E 51 3B 42 3E C9 D6 42 3E 96 4E 3D BB D9 2C 3D E9 00 02 00 02 00 00 00 00 00 00 00 00 00 00 00 00 00 00 00 00 00 00 00 00 00 00 00 00 00 00 00 00 00 00 00 00 00 00 00 00 00 00 41 A0 00 00 41 A0 FF 30 41 9F FF 30 41 9F 00 00 42 70 00 00 42 70 B8 0B 00 00 07 D0 00 00 00 00 00 00 00 00 00 00 41 F0 00 00 42 20 00 00 41 20 00 00 41 A0 00 60 00 00 FF F0 FF FF 57 51 
Rx:004597-00 10 05 00 00 4B 96 0E 10 42 A0 40 00 3D 32 00 00 00 00 00 00 00 00 A5 E0 41 23 DE 20 41 42 D6 F0 41 80 AC A0 41 7E 55 1F 42 3E D9 65 42 3E C5 B2 3D CA A4 91 3D B1 00 02 00 02 00 00 00 00 00 00 00 00 00 00 00 00 00 00 00 00 00 00 00 00 00 00 00 00 00 00 00 00 00 00 00 00 00 00 00 00 00 00 41 A0 00 00 41 A0 FF 30 41 9F FF 30 41 9F 00 00 42 70 00 00 42 70 B8 0B 00 00 07 D0 00 00 00 00 00 00 00 00 00 00 41 F0 00 00 42 20 00 00 41 20 00 00 41 A0 00 60 00 00 FF F0 FF FF 3B 6D 
Rx:004598-00 10 05 00 00 4B 96 0E 10 42 A0 40 00 3D 32 00 00 00 00 00 00 00 00 A5 E0 41 23 EE 00 41 39 56 F0 41 80 AC A0 41 7E 51 3B 42 3E C9 D6 42 3E 89 75 3D A8 C5 0C 3D BB 00 02 00 02 00 00 00 00 00 00 00 00 00 00 00 00 00 00 00 00 00 00 00 00 00 00 00 00 00 00 00 00 00 00 00 00 00 00 00 00 00 00 41 A0 00 00 41 A0 FF 30 41 9F FF 30 41 9F 00 00 42 70 00 00 42 70 B8 0B 00 00 07 D0 00 00 00 00 00 00 00 00 00 00 41 F0 00 00 42 20 00 00 41 20 00 00 41 A0 00 60 00 00 FF F0 FF FF 15 D9 
Rx:004599-00 10 05 00 00 4B 96 0E 10 42 A0 40 00 3D 32 00 00 00 00 00 00 00 00 EE 00 41 39 EE 00 41 39 D6 F0 41 80 AC A0 41 7E 55 1F 42 3E C2 0E 42 3E 54 AF 3D C9 52 C7 3D A2 00 02 00 02 00 00 00 00 00 00 00 00 00 00 00 00 00 00 00 00 00 00 00 00 00 00 00 00 00 00 00 00 00 00 00 00 00 00 00 00 00 00 41 A0 00 00 41 A0 FF 30 41 9F FF 30 41 9F 00 00 42 70 00 00 42 70 B8 0B 00 00 07 D0 00 00 00 00 00 00 00 00 00 00 41 F0 00 00 42 20 00 00 41 20 00 00 41 A0 00 60 00 00 FF F0 FF FF 47 6A 
Rx:004600-00 10 05 00 00 4B 96 0E 10 42 A0 40 00 3D 32 00 00 00 00 00 00 00 00 18 E0 41 28 DE 20 41 42 56 F0 41 80 AC A0 41 7E 60 CB 42 3E D1 9D 42 3E 27 10 3D 89 62 03 3D 8B 00 02 00 02 00 00 00 00 00 00 00 00 00 00 00 00 00 00 00 00 00 00 00 00 00 00 00 00 00 00 00 00 00 00 00 00 00 00 00 00 00 00 41 A0 00 00 41 A0 FF 30 41 9F FF 30 41 9F 00 00 42 70 00 00 42 70 B8 0B 00 00 07 D0 00 00 00 00 00 00 00 00 00 00 41 F0 00 00 42 20 00 00 41 20 00 00 41 A0 00 60 00 00 FF F0 FF FF EA D7 
Rx:004601-00 10 05 00 00 4B 96 0E 10 42 A0 40 00 3D 32 00 00 00 00 00 00 00 00 8C C0 41 2C 57 80 41 47 56 F0 41 80 AC A0 41 7E BA 46 42 3E D1 9D 42 3E 7B 54 3D E9 D4 10 3D 9D 00 02 00 02 00 00 00 00 00 00 00 00 00 00 00 00 00 00 00 00 00 00 00 00 00 00 00 00 00 00 00 00 00 00 00 00 00 00 00 00 00 00 41 A0 00 00 41 A0 FF 30 41 9F FF 30 41 9F 00 00 42 70 00 00 42 70 B8 0B 00 00 07 D0 00 00 00 00 00 00 00 00 00 00 41 F0 00 00 42 20 00 00 41 20 00 00 41 A0 00 60 00 00 FF F0 FF FF D1 97 
Rx:004602-00 10 05 00 00 4B 96 0E 10 42 A0 40 00 3D 32 00 00 00 00 00 00 00 00 18 E0 41 28 EE 00 41 39 D6 F0 41 80 AC A0 41 7E 45 8F 42 3E C5 F2 42 3E A6 BE 3E 09 DE FC 3D 99 00 02 00 02 00 00 00 00 00 00 00 00 00 00 00 00 00 00 00 00 00 00 00 00 00 00 00 00 00 00 00 00 00 00 00 00 00 00 00 00 00 00 41 A0 00 00 41 A0 FF 30 41 9F FF 30 41 9F 00 00 42 70 00 00 42 70 B8 0B 00 00 07 D0 00 00 00 00 00 00 00 00 00 00 41 F0 00 00 42 20 00 00 41 20 00 00 41 A0 00 60 00 00 FF F0 FF FF F0 5E 
Rx:004603-00 10 05 00 00 4B 96 0E 10 42 A0 40 00 3D 32 00 00 00 00 00 00 00 00 A5 E0 41 23 57 80 41 47 D6 F0 41 80 AC A0 41 7E 64 AF 42 3E C9 D6 42 3E 26 43 3D FF 1C 21 3D CB 00 02 00 02 00 00 00 00 00 00 00 00 00 00 00 00 00 00 00 00 00 00 00 00 00 00 00 00 00 00 00 00 00 00 00 00 00 00 00 00 00 00 41 A0 00 00 41 A0 FF 30 41 9F FF 30 41 9F 00 00 42 70 00 00 42 70 B8 0B 00 00 07 D0 00 00 00 00 00 00 00 00 00 00 41 F0 00 00 42 20 00 00 41 20 00 00 41 A0 00 60 00 00 FF F0 FF FF FC 31 
Rx:004604-00 10 05 00 00 4B 96 0E 10 42 A0 40 00 3D 32 00 00 00 00 00 00 00 00 A5 E0 41 23 57 80 41 47 D6 F0 41 80 AC A0 41 7E 55 1F 42 3E C9 D6 42 3E DF A1 3D CC ED 35 3D 90 00 02 00 02 00 00 00 00 00 00 00 00 00 00 00 00 00 00 00 00 00 00 00 00 00 00 00 00 00 00 00 00 00 00 00 00 00 00 00 00 00 00 41 A0 00 00 41 A0 FF 30 41 9F FF 30 41 9F 00 00 42 70 00 00 42 70 B8 0B 00 00 07 D0 00 00 00 00 00 00 00 00 00 00 41 F0 00 00 42 20 00 00 41 20 00 00 41 A0 00 60 00 00 FF F0 FF FF D2 83 
Rx:004605-00 10 05 00 00 4B 96 0E 10 42 A0 40 00 3D 32 00 00 00 00 00 00 00 00 4D 00 41 50 EE 00 41 39 56 F0 41 80 AC A0 41 7E 5C E7 42 3E D1 9D 42 3E BA 02 3E 06 89 75 3D A8 00 02 00 02 00 00 00 00 00 00 00 00 00 00 00 00 00 00 00 00 00 00 00 00 00 00 00 00 00 00 00 00 00 00 00 00 00 00 00 00 00 00 41 A0 00 00 41 A0 FF 30 41 9F FF 30 41 9F 00 00 42 70 00 00 42 70 B8 0B 00 00 07 D0 00 00 00 00 00 00 00 00 00 00 41 F0 00 00 42 20 00 00 41 20 00 00 41 A0 00 60 00 00 FF F0 FF FF FF 27 
Rx:004606-00 10 05 00 00 4B 96 0E 10 42 A0 40 00 3D 32 00 00 00 00 00 00 00 00 A5 E0 41 23 57 80 41 47 56 F0 41 80 AC A0 41 7E 55 1F 42 3E CD B9 42 3E F0 82 3D AD 0F AB 3D 8E 00 02 00 02 00 00 00 00 00 00 00 00 00 00 00 00 00 00 00 00 00 00 00 00 00 00 00 00 00 00 00 00 00 00 00 00 00 00 00 00 00 00 41 A0 00 00 41 A0 FF 30 41 9F FF 30 41 9F 00 00 42 70 00 00 42 70 B8 0B 00 00 07 D0 00 00 00 00 00 00 00 00 00 00 41 F0 00 00 42 20 00 00 41 20 00 00 41 A0 00 60 00 00 FF F0 FF FF 93 E0 
Rx:004607-00 10 05 00 00 4B 96 0E 10 42 A0 40 00 3D 32 00 00 00 00 00 00 00 00 01 A0 41 31 8C C0 41 2C 56 F0 41 80 AC A0 41 7E 6C 77 42 3E D5 81 42 3E DF A1 3D CC 12 A9 3D 7E 00 02 00 02 00 00 00 00 00 00 00 00 00 00 00 00 00 00 00 00 00 00 00 00 00 00 00 00 00 00 00 00 00 00 00 00 00 00 00 00 00 00 41 A0 00 00 41 A0 FF 30 41 9F FF 30 41 9F 00 00 42 70 00 00 42 70 B8 0B 00 00 07 D0 00 00 00 00 00 00 00 00 00 00 41 F0 00 00 42 20 00 00 41 20 00 00 41 A0 00 60 00 00 FF F0 FF FF 2D 07 
Rx:004608-00 10 05 00 00 4B 96 0E 10 42 A0 40 00 3D 32 00 00 00 00 00 00 00 00 A5 E0 41 23 77 80 41 35 D6 F0 41 80 AC A0 41 7E 59 03 42 3E C9 D6 42 3E 52 C7 3D A2 C5 0B 3D BB 00 02 00 02 00 00 00 00 00 00 00 00 00 00 00 00 00 00 00 00 00 00 00 00 00 00 00 00 00 00 00 00 00 00 00 00 00 00 00 00 00 00 41 A0 00 00 41 A0 FF 30 41 9F FF 30 41 9F 00 00 42 70 00 00 42 70 B8 0B 00 00 07 D0 00 00 00 00 00 00 00 00 00 00 41 F0 00 00 42 20 00 00 41 20 00 00 41 A0 00 60 00 00 FF F0 FF FF 57 88 
Rx:004609-00 10 05 00 00 4B 96 0E 10 42 A0 40 00 3D 32 00 00 00 00 00 00 00 00 8C C0 41 2C DE 20 41 42 D6 F0 41 80 AC A0 41 7E 60 CB 42 3E C5 F2 42 3E 62 03 3D 8B 09 FC 3D 93 00 02 00 02 00 00 00 00 00 00 00 00 00 00 00 00 00 00 00 00 00 00 00 00 00 00 00 00 00 00 00 00 00 00 00 00 00 00 00 00 00 00 41 A0 00 00 41 A0 FF 30 41 9F FF 30 41 9F 00 00 42 70 00 00 42 70 B8 0B 00 00 07 D0 00 00 00 00 00 00 00 00 00 00 41 F0 00 00 42 20 00 00 41 20 00 00 41 A0 00 60 00 00 FF F0 FF FF 03 58 
Rx:004610-00 10 05 00 00 4B 96 0E 10 42 A0 40 00 3D 32 00 00 00 00 00 00 00 00 18 E0 41 28 DE 20 41 42 56 F0 41 80 AC A0 41 7E 59 03 42 3E C9 D6 42 3E 1C 22 3D CB B5 1C 3D C7 00 02 00 02 00 00 00 00 00 00 00 00 00 00 00 00 00 00 00 00 00 00 00 00 00 00 00 00 00 00 00 00 00 00 00 00 00 00 00 00 00 00 41 A0 00 00 41 A0 FF 30 41 9F FF 30 41 9F 00 00 42 70 00 00 42 70 B8 0B 00 00 07 D0 00 00 00 00 00 00 00 00 00 00 41 F0 00 00 42 20 00 00 41 20 00 00 41 A0 00 60 00 00 FF F0 FF FF 61 32 
Rx:004611-00 10 05 00 00 4B 96 0E 10 42 A0 40 00 3D 32 00 00 00 00 00 00 00 00 8C C0 41 2C DE 20 41 42 56 F0 41 80 AC A0 41 7E 5C E7 42 3E CD B9 42 3E AE 0E 3D BC 0F AB 3D 8E 00 02 00 02 00 00 00 00 00 00 00 00 00 00 00 00 00 00 00 00 00 00 00 00 00 00 00 00 00 00 00 00 00 00 00 00 00 00 00 00 00 00 41 A0 00 00 41 A0 FF 30 41 9F FF 30 41 9F 00 00 42 70 00 00 42 70 B8 0B 00 00 07 D0 00 00 00 00 00 00 00 00 00 00 41 F0 00 00 42 20 00 00 41 20 00 00 41 A0 00 60 00 00 FF F0 FF FF 71 97 
Rx:004612-00 10 05 00 00 4B 96 0E 10 42 A0 40 00 3D 32 00 00 00 00 00 00 00 00 A5 E0 41 23 DE 20 41 42 56 F0 41 80 AC A0 41 7E 59 03 42 3E CD B9 42 3E 37 C1 3D A2 65 65 3D 8A 00 02 00 02 00 00 00 00 00 00 00 00 00 00 00 00 00 00 00 00 00 00 00 00 00 00 00 00 00 00 00 00 00 00 00 00 00 00 00 00 00 00 41 A0 00 00 41 A0 FF 30 41 9F FF 30 41 9F 00 00 42 70 00 00 42 70 B8 0B 00 00 07 D0 00 00 00 00 00 00 00 00 00 00 41 F0 00 00 42 20 00 00 41 20 00 00 41 A0 00 60 00 00 FF F0 FF FF 00 07 
Rx:004613-00 10 05 00 00 4B 96 0E 10 42 A0 40 00 3D 32 00 00 00 00 00 00 00 00 01 A0 41 31 DE 20 41 42 56 F0 41 80 AC A0 41 7E 64 AF 42 3E D5 81 42 3E 10 9F 3D 6F 58 43 3D DC 00 02 00 02 00 00 00 00 00 00 00 00 00 00 00 00 00 00 00 00 00 00 00 00 00 00 00 00 00 00 00 00 00 00 00 00 00 00 00 00 00 00 41 A0 00 00 41 A0 FF 30 41 9F FF 30 41 9F 00 00 42 70 00 00 42 70 B8 0B 00 00 07 D0 00 00 00 00 00 00 00 00 00 00 41 F0 00 00 42 20 00 00 41 20 00 00 41 A0 00 60 00 00 FF F0 FF FF 0C 76 
Rx:004614-00 10 05 00 00 4B 96 0E 10 42 A0 40 00 3D 32 00 00 00 00 00 00 00 00 01 A0 41 31 DE 20 41 42 56 F0 41 80 AC A0 41 7E 5C E7 42 3E BE 2A 42 3E F7 76 3D 84 E9 BD 3D 56 00 02 00 02 00 00 00 00 00 00 00 00 00 00 00 00 00 00 00 00 00 00 00 00 00 00 00 00 00 00 00 00 00 00 00 00 00 00 00 00 00 00 41 A0 00 00 41 A0 FF 30 41 9F FF 30 41 9F 00 00 42 70 00 00 42 70 B8 0B 00 00 07 D0 00 00 00 00 00 00 00 00 00 00 41 F0 00 00 42 20 00 00 41 20 00 00 41 A0 00 60 00 00 FF F0 FF FF 68 AF 
Rx:004615-00 10 05 00 00 4B 96 0E 10 42 A0 40 00 3D 32 00 00 00 00 00 00 00 00 01 A0 41 31 8C C0 41 2C D6 F0 41 80 AC A0 41 7E 6C 77 42 3E D5 81 42 3E 7E BA 3D B6 DE AE 3D 1A 00 02 00 02 00 00 00 00 00 00 00 00 00 00 00 00 00 00 00 00 00 00 00 00 00 00 00 00 00 00 00 00 00 00 00 00 00 00 00 00 00 00 41 A0 00 00 41 A0 FF 30 41 9F FF 30 41 9F 00 00 42 70 00 00 42 70 B8 0B 00 00 07 D0 00 00 00 00 00 00 00 00 00 00 41 F0 00 00 42 20 00 00 41 20 00 00 41 A0 00 60 00 00 FF F0 FF FF 7F 92 
Rx:004616-00 10 05 00 00 4B 96 0E 10 42 A0 40 00 3D 32 00 00 00 00 00 00 00 00 8C C0 41 2C DE 20 41 42 56 F0 41 80 AC A0 41 7E 4D 57 42 3E D1 9D 42 3E 45 97 3D 93 46 9B 3D DD 00 02 00 02 00 00 00 00 00 00 00 00 00 00 00 00 00 00 00 00 00 00 00 00 00 00 00 00 00 00 00 00 00 00 00 00 00 00 00 00 00 00 41 A0 00 00 41 A0 FF 30 41 9F FF 30 41 9F 00 00 42 70 00 00 42 70 B8 0B 00 00 07 D0 00 00 00 00 00 00 00 00 00 00 41 F0 00 00 42 20 00 00 41 20 00 00 41 A0 00 60 00 00 FF F0 FF FF 2C 99 
Rx:004617-00 10 05 00 00 4B 96 0E 10 42 A0 40 00 3D 32 00 00 00 00 00 00 00 00 18 E0 41 28 8C C0 41 2C 56 F0 41 80 AC A0 41 7E 5C E7 42 3E C9 D6 42 3E 5B 3C 3D AC DB D8 3D 8F 00 02 00 02 00 00 00 00 00 00 00 00 00 00 00 00 00 00 00 00 00 00 00 00 00 00 00 00 00 00 00 00 00 00 00 00 00 00 00 00 00 00 41 A0 00 00 41 A0 FF 30 41 9F FF 30 41 9F 00 00 42 70 00 00 42 70 B8 0B 00 00 07 D0 00 00 00 00 00 00 00 00 00 00 41 F0 00 00 42 20 00 00 41 20 00 00 41 A0 00 60 00 00 FF F0 FF FF 51 B3 
Rx:004618-00 10 05 00 00 4B 96 0E 10 42 A0 40 00 3D 32 00 00 00 00 00 00 00 00 8C C0 41 2C 65 A0 41 3E 56 F0 41 80 AC A0 41 7E C5 F2 42 3E C9 D6 42 3E 89 75 3D A8 0F AB 3D 8E 00 02 00 02 00 00 00 00 00 00 00 00 00 00 00 00 00 00 00 00 00 00 00 00 00 00 00 00 00 00 00 00 00 00 00 00 00 00 00 00 00 00 41 A0 00 00 41 A0 FF 30 41 9F FF 30 41 9F 00 00 42 70 00 00 42 70 B8 0B 00 00 07 D0 00 00 00 00 00 00 00 00 00 00 41 F0 00 00 42 20 00 00 41 20 00 00 41 A0 00 60 00 00 FF F0 FF FF 87 5B 
Rx:004619-00 10 05 00 00 4B 96 0E 10 42 A0 40 00 3D 32 00 00 00 00 00 00 00 00 A5 E0 41 23 65 A0 41 3E D6 F0 41 80 AC A0 41 7E 5C E7 42 3E C5 F2 42 3E 2A 5E 3D A3 42 F2 3D E9 00 02 00 02 00 00 00 00 00 00 00 00 00 00 00 00 00 00 00 00 00 00 00 00 00 00 00 00 00 00 00 00 00 00 00 00 00 00 00 00 00 00 41 A0 00 00 41 A0 FF 30 41 9F FF 30 41 9F 00 00 42 70 00 00 42 70 B8 0B 00 00 07 D0 00 00 00 00 00 00 00 00 00 00 41 F0 00 00 42 20 00 00 41 20 00 00 41 A0 00 60 00 00 FF F0 FF FF 38 A3 
Rx:004620-00 10 05 00 00 4B 96 0E 10 42 A0 40 00 3D 32 00 00 00 00 00 00 00 00 A5 E0 41 23 EE 00 41 39 56 F0 41 80 AC A0 41 7E 5C E7 42 3E C9 D6 42 3E 65 A9 3D F3 2C FD 3D 9D 00 02 00 02 00 00 00 00 00 00 00 00 00 00 00 00 00 00 00 00 00 00 00 00 00 00 00 00 00 00 00 00 00 00 00 00 00 00 00 00 00 00 41 A0 00 00 41 A0 FF 30 41 9F FF 30 41 9F 00 00 42 70 00 00 42 70 B8 0B 00 00 07 D0 00 00 00 00 00 00 00 00 00 00 41 F0 00 00 42 20 00 00 41 20 00 00 41 A0 00 60 00 00 FF F0 FF FF 6E 4F 
Rx:004621-00 10 05 00 00 4B 96 0E 10 42 A0 40 00 3D 32 00 00 00 00 00 00 00 00 EE 00 41 39 DE 20 41 42 56 F0 41 80 AC A0 41 7E 60 CB 42 3E CD B9 42 3E DE AE 3D 9A 2C FD 3D 9D 00 02 00 02 00 00 00 00 00 00 00 00 00 00 00 00 00 00 00 00 00 00 00 00 00 00 00 00 00 00 00 00 00 00 00 00 00 00 00 00 00 00 41 A0 00 00 41 A0 FF 30 41 9F FF 30 41 9F 00 00 42 70 00 00 42 70 B8 0B 00 00 07 D0 00 00 00 00 00 00 00 00 00 00 41 F0 00 00 42 20 00 00 41 20 00 00 41 A0 00 60 00 00 FF F0 FF FF EA 40 
Rx:004622-00 10 05 00 00 4B 96 0E 10 42 A0 40 00 3D 32 00 00 00 00 00 00 00 00 A5 E0 41 23 77 80 41 35 56 F0 41 80 AC A0 41 7E 51 3B 42 3E C5 F2 42 3E F0 D9 3D DA EE 90 3D 83 00 02 00 02 00 00 00 00 00 00 00 00 00 00 00 00 00 00 00 00 00 00 00 00 00 00 00 00 00 00 00 00 00 00 00 00 00 00 00 00 00 00 41 A0 00 00 41 A0 FF 30 41 9F FF 30 41 9F 00 00 42 70 00 00 42 70 B8 0B 00 00 07 D0 00 00 00 00 00 00 00 00 00 00 41 F0 00 00 42 20 00 00 41 20 00 00 41 A0 00 60 00 00 FF F0 FF FF 2B A2 
Rx:004623-00 10 05 00 00 4B 96 0E 10 42 A0 40 00 3D 32 00 00 00 00 00 00 00 00 A5 E0 41 23 DE 20 41 42 56 F0 41 80 AC A0 41 7E AE 9A 42 3E CD B9 42 3E C6 C3 3D B6 ED 0B 3D A7 00 02 00 02 00 00 00 00 00 00 00 00 00 00 00 00 00 00 00 00 00 00 00 00 00 00 00 00 00 00 00 00 00 00 00 00 00 00 00 00 00 00 41 A0 00 00 41 A0 FF 30 41 9F FF 30 41 9F 00 00 42 70 00 00 42 70 B8 0B 00 00 07 D0 00 00 00 00 00 00 00 00 00 00 41 F0 00 00 42 20 00 00 41 20 00 00 41 A0 00 60 00 00 FF F0 FF FF 13 5F 
Rx:004624-00 10 05 00 00 4B 96 0E 10 42 A0 40 00 3D 32 00 00 00 00 00 00 00 00 A5 E0 41 23 57 80 41 47 D6 F0 41 80 AC A0 41 7E 5C E7 42 3E BE 2A 42 3E 56 82 3D B7 59 E0 3D 95 00 02 00 02 00 00 00 00 00 00 00 00 00 00 00 00 00 00 00 00 00 00 00 00 00 00 00 00 00 00 00 00 00 00 00 00 00 00 00 00 00 00 41 A0 00 00 41 A0 FF 30 41 9F FF 30 41 9F 00 00 42 70 00 00 42 70 B8 0B 00 00 07 D0 00 00 00 00 00 00 00 00 00 00 41 F0 00 00 42 20 00 00 41 20 00 00 41 A0 00 60 00 00 FF F0 FF FF D2 79 
Rx:004625-00 10 05 00 00 4B 96 0E 10 42 A0 40 00 3D 32 00 00 00 00 00 00 00 00 A5 E0 41 23 65 A0 41 3E D6 F0 41 80 AC A0 41 7E BA 46 42 3E D5 81 42 3E ED 0A 3D A7 6F 24 3D 5E 00 02 00 02 00 00 00 00 00 00 00 00 00 00 00 00 00 00 00 00 00 00 00 00 00 00 00 00 00 00 00 00 00 00 00 00 00 00 00 00 00 00 41 A0 00 00 41 A0 FF 30 41 9F FF 30 41 9F 00 00 42 70 00 00 42 70 B8 0B 00 00 07 D0 00 00 00 00 00 00 00 00 00 00 41 F0 00 00 42 20 00 00 41 20 00 00 41 A0 00 60 00 00 FF F0 FF FF FB D7 
Rx:004626-00 10 05 00 00 4B 96 0E 10 42 A0 40 00 3D 32 00 00 00 00 00 00 00 00 A5 E0 41 23 DE 20 41 42 56 F0 41 80 AC A0 41 7E 5C E7 42 3E D1 9D 42 3E 6E B0 3D C1 B8 F9 3D C0 00 02 00 02 00 00 00 00 00 00 00 00 00 00 00 00 00 00 00 00 00 00 00 00 00 00 00 00 00 00 00 00 00 00 00 00 00 00 00 00 00 00 41 A0 00 00 41 A0 FF 30 41 9F FF 30 41 9F 00 00 42 70 00 00 42 70 B8 0B 00 00 07 D0 00 00 00 00 00 00 00 00 00 00 41 F0 00 00 42 20 00 00 41 20 00 00 41 A0 00 60 00 00 FF F0 FF FF 89 8E 
Rx:004627-00 10 05 00 00 4B 96 0E 10 42 A0 40 00 3D 32 00 00 00 00 00 00 00 00 8C C0 41 2C 65 A0 41 3E 56 F0 41 80 AC A0 41 7E 59 03 42 3E C5 F2 42 3E DB D8 3D 8F DB D8 3D 8F 00 02 00 02 00 00 00 00 00 00 00 00 00 00 00 00 00 00 00 00 00 00 00 00 00 00 00 00 00 00 00 00 00 00 00 00 00 00 00 00 00 00 41 A0 00 00 41 A0 FF 30 41 9F FF 30 41 9F 00 00 42 70 00 00 42 70 B8 0B 00 00 07 D0 00 00 00 00 00 00 00 00 00 00 41 F0 00 00 42 20 00 00 41 20 00 00 41 A0 00 60 00 00 FF F0 FF FF 92 43 
Rx:004628-00 10 05 00 00 4B 96 0E 10 42 A0 40 00 3D 32 00 00 00 00 00 00 00 00 A5 E0 41 23 57 80 41 47 D6 F0 41 80 AC A0 41 7E 5C E7 42 3E CD B9 42 3E DE FC 3D 99 27 10 3D 89 00 02 00 02 00 00 00 00 00 00 00 00 00 00 00 00 00 00 00 00 00 00 00 00 00 00 00 00 00 00 00 00 00 00 00 00 00 00 00 00 00 00 41 A0 00 00 41 A0 FF 30 41 9F FF 30 41 9F 00 00 42 70 00 00 42 70 B8 0B 00 00 07 D0 00 00 00 00 00 00 00 00 00 00 41 F0 00 00 42 20 00 00 41 20 00 00 41 A0 00 60 00 00 FF F0 FF FF 9E 42 
Rx:004629-00 10 05 00 00 4B 96 0E 10 42 A0 40 00 3D 32 00 00 00 00 00 00 00 00 18 E0 41 28 DE 20 41 42 D6 F0 41 80 AC A0 41 7E 55 1F 42 3E CD B9 42 3E DE BF 3D B6 57 3C 3D 9F 00 02 00 02 00 00 00 00 00 00 00 00 00 00 00 00 00 00 00 00 00 00 00 00 00 00 00 00 00 00 00 00 00 00 00 00 00 00 00 00 00 00 41 A0 00 00 41 A0 FF 30 41 9F FF 30 41 9F 00 00 42 70 00 00 42 70 B8 0B 00 00 07 D0 00 00 00 00 00 00 00 00 00 00 41 F0 00 00 42 20 00 00 41 20 00 00 41 A0 00 60 00 00 FF F0 FF FF AE CA 
Rx:004630-00 10 05 00 00 4B 96 0E 10 42 A0 40 00 3D 32 00 00 00 00 00 00 00 00 A5 E0 41 23 57 80 41 47 D6 F0 41 80 AC A0 41 7E 60 CB 42 3E CD B9 42 3E 09 FC 3D 93 96 50 3D BB 00 02 00 02 00 00 00 00 00 00 00 00 00 00 00 00 00 00 00 00 00 00 00 00 00 00 00 00 00 00 00 00 00 00 00 00 00 00 00 00 00 00 41 A0 00 00 41 A0 FF 30 41 9F FF 30 41 9F 00 00 42 70 00 00 42 70 B8 0B 00 00 07 D0 00 00 00 00 00 00 00 00 00 00 41 F0 00 00 42 20 00 00 41 20 00 00 41 A0 00 60 00 00 FF F0 FF FF D9 73 
Rx:004631-00 10 05 00 00 4B 96 0E 10 42 A0 40 00 3D 32 00 00 00 00 00 00 00 00 01 A0 41 31 DE 20 41 42 56 F0 41 80 AC A0 41 7E 5C E7 42 3E CD B9 42 3E 64 C0 3D 9D 73 29 3D B1 00 02 00 02 00 00 00 00 00 00 00 00 00 00 00 00 00 00 00 00 00 00 00 00 00 00 00 00 00 00 00 00 00 00 00 00 00 00 00 00 00 00 41 A0 00 00 41 A0 FF 30 41 9F FF 30 41 9F 00 00 42 70 00 00 42 70 B8 0B 00 00 07 D0 00 00 00 00 00 00 00 00 00 00 41 F0 00 00 42 20 00 00 41 20 00 00 41 A0 00 60 00 00 FF F0 FF FF 48 15 
Rx:004632-00 10 05 00 00 4B 96 0E 10 42 A0 40 00 3D 32 00 00 00 00 00 00 00 00 18 E0 41 28 DE 20 41 42 56 F0 41 80 AC A0 41 7E 59 03 42 3E CD B9 42 3E FF F3 3D D9 04 82 3D 6B 00 02 00 02 00 00 00 00 00 00 00 00 00 00 00 00 00 00 00 00 00 00 00 00 00 00 00 00 00 00 00 00 00 00 00 00 00 00 00 00 00 00 41 A0 00 00 41 A0 FF 30 41 9F FF 30 41 9F 00 00 42 70 00 00 42 70 B8 0B 00 00 07 D0 00 00 00 00 00 00 00 00 00 00 41 F0 00 00 42 20 00 00 41 20 00 00 41 A0 00 60 00 00 FF F0 FF FF 9B 60 
Rx:004633-00 10 05 00 00 4B 96 0E 10 42 A0 40 00 3D 32 00 00 00 00 00 00 00 00 8C C0 41 2C EE 00 41 39 56 F0 41 80 AB C0 41 7D 4D 57 42 3E D9 65 42 3E A3 C2 3D A2 05 D2 3D 8F 00 02 00 02 00 00 00 00 00 00 00 00 00 00 00 00 00 00 00 00 00 00 00 00 00 00 00 00 00 00 00 00 00 00 00 00 00 00 00 00 00 00 41 A0 00 00 41 A0 FF 30 41 9F FF 30 41 9F 00 00 42 70 00 00 42 70 B8 0B 00 00 07 D0 00 00 00 00 00 00 00 00 00 00 41 F0 00 00 42 20 00 00 41 20 00 00 41 A0 00 60 00 00 FF F0 FF FF 82 D4 
Rx:004634-00 10 05 00 00 4B 96 0E 10 42 A0 40 00 3D 32 00 00 00 00 00 00 00 00 18 E0 41 28 DE 20 41 42 56 F0 41 80 AC A0 41 7E 60 CB 42 3E D9 65 42 3E 87 74 3D 98 6C 32 3D F0 00 02 00 02 00 00 00 00 00 00 00 00 00 00 00 00 00 00 00 00 00 00 00 00 00 00 00 00 00 00 00 00 00 00 00 00 00 00 00 00 00 00 41 A0 00 00 41 A0 FF 30 41 9F FF 30 41 9F 00 00 42 70 00 00 42 70 B8 0B 00 00 07 D0 00 00 00 00 00 00 00 00 00 00 41 F0 00 00 42 20 00 00 41 20 00 00 41 A0 00 60 00 00 FF F0 FF FF 4D 3F 
Rx:004635-00 10 05 00 00 4B 96 0E 10 42 A0 40 00 3D 32 00 00 00 00 00 00 00 00 8C C0 41 2C 77 80 41 35 56 F0 41 80 AC A0 41 7E 5C E7 42 3E C5 F2 42 3E 73 29 3D B1 90 DF 3D DB 00 02 00 02 00 00 00 00 00 00 00 00 00 00 00 00 00 00 00 00 00 00 00 00 00 00 00 00 00 00 00 00 00 00 00 00 00 00 00 00 00 00 41 A0 00 00 41 A0 FF 30 41 9F FF 30 41 9F 00 00 42 70 00 00 42 70 B8 0B 00 00 07 D0 00 00 00 00 00 00 00 00 00 00 41 F0 00 00 42 20 00 00 41 20 00 00 41 A0 00 60 00 00 FF F0 FF FF 5C 5E 
Rx:004636-00 10 05 00 00 4B 96 0E 10 42 A0 40 00 3D 32 00 00 00 00 00 00 00 00 18 E0 41 28 DE 20 41 42 D6 F0 41 80 AC A0 41 7E 51 3B 42 3E BE 2A 42 3E 74 AE 3D AC 46 8D 3E 01 00 02 00 02 00 00 00 00 00 00 00 00 00 00 00 00 00 00 00 00 00 00 00 00 00 00 00 00 00 00 00 00 00 00 00 00 00 00 00 00 00 00 41 A0 00 00 41 A0 FF 30 41 9F FF 30 41 9F 00 00 42 70 00 00 42 70 B8 0B 00 00 07 D0 00 00 00 00 00 00 00 00 00 00 41 F0 00 00 42 20 00 00 41 20 00 00 41 A0 00 60 00 00 FF F0 FF FF A4 DD 
Rx:004637-00 10 05 00 00 4B 96 0E 10 42 A0 40 00 3D 32 00 00 00 00 00 00 00 00 18 E0 41 28 65 A0 41 3E 56 F0 41 80 AC A0 41 7E 59 03 42 3E C9 D6 42 3E AE 0E 3D BC 3E 69 3D C6 00 02 00 02 00 00 00 00 00 00 00 00 00 00 00 00 00 00 00 00 00 00 00 00 00 00 00 00 00 00 00 00 00 00 00 00 00 00 00 00 00 00 41 A0 00 00 41 A0 FF 30 41 9F FF 30 41 9F 00 00 42 70 00 00 42 70 B8 0B 00 00 07 D0 00 00 00 00 00 00 00 00 00 00 41 F0 00 00 42 20 00 00 41 20 00 00 41 A0 00 60 00 00 FF F0 FF FF 6D 09 
Rx:004638-00 10 05 00 00 4B 96 0E 10 42 A0 40 00 3D 32 00 00 00 00 00 00 00 00 18 E0 41 28 DE 20 41 42 56 F0 41 80 AC A0 41 7E C2 0E 42 3E C9 D6 42 3E C5 0C 3D BB 73 5A 3D F4 00 02 00 02 00 00 00 00 00 00 00 00 00 00 00 00 00 00 00 00 00 00 00 00 00 00 00 00 00 00 00 00 00 00 00 00 00 00 00 00 00 00 41 A0 00 00 41 A0 FF 30 41 9F FF 30 41 9F 00 00 42 70 00 00 42 70 B8 0B 00 00 07 D0 00 00 00 00 00 00 00 00 00 00 41 F0 00 00 42 20 00 00 41 20 00 00 41 A0 00 60 00 00 FF F0 FF FF A7 59 
Rx:004639-00 10 05 00 00 4B 96 0E 10 42 A0 40 00 3D 32 00 00 00 00 00 00 00 00 8C C0 41 2C 01 A0 41 31 56 F0 41 80 AC A0 41 7E 5C E7 42 3E C9 D6 42 3E E5 D6 3D C5 CD 4D 3D 83 00 02 00 02 00 00 00 00 00 00 00 00 00 00 00 00 00 00 00 00 00 00 00 00 00 00 00 00 00 00 00 00 00 00 00 00 00 00 00 00 00 00 41 A0 00 00 41 A0 FF 30 41 9F FF 30 41 9F 00 00 42 70 00 00 42 70 B8 0B 00 00 07 D0 00 00 00 00 00 00 00 00 00 00 41 F0 00 00 42 20 00 00 41 20 00 00 41 A0 00 60 00 00 FF F0 FF FF B6 24 
Rx:004640-00 10 05 00 00 4B 96 0E 10 42 A0 40 00 3D 32 00 00 00 00 00 00 00 00 A5 E0 41 23 DE 20 41 42 D6 F0 41 80 AC A0 41 7E 59 03 42 3E C5 F2 42 3E F5 A3 3D F3 C9 E8 3D F9 00 02 00 02 00 00 00 00 00 00 00 00 00 00 00 00 00 00 00 00 00 00 00 00 00 00 00 00 00 00 00 00 00 00 00 00 00 00 00 00 00 00 41 A0 00 00 41 A0 FF 30 41 9F FF 30 41 9F 00 00 42 70 00 00 42 70 B8 0B 00 00 07 D0 00 00 00 00 00 00 00 00 00 00 41 F0 00 00 42 20 00 00 41 20 00 00 41 A0 00 60 00 00 FF F0 FF FF F0 94 
Rx:004641-00 10 05 00 00 4B 96 0E 10 42 A0 40 00 3D 32 00 00 00 00 00 00 00 00 A5 E0 41 23 65 A0 41 3E 56 F0 41 80 AC A0 41 7E 60 CB 42 3E D5 81 42 3E 16 F5 3E 19 C5 0C 3D BB 00 02 00 02 00 00 00 00 00 00 00 00 00 00 00 00 00 00 00 00 00 00 00 00 00 00 00 00 00 00 00 00 00 00 00 00 00 00 00 00 00 00 41 A0 00 00 41 A0 FF 30 41 9F FF 30 41 9F 00 00 42 70 00 00 42 70 B8 0B 00 00 07 D0 00 00 00 00 00 00 00 00 00 00 41 F0 00 00 42 20 00 00 41 20 00 00 41 A0 00 60 00 00 FF F0 FF FF CB 93 
Rx:004642-00 10 05 00 00 4B 96 0E 10 42 A0 40 00 3D 32 00 00 00 00 00 00 00 00 01 A0 41 31 DE 20 41 42 56 F0 41 80 AC A0 41 7E 59 03 42 3E BA 46 42 3E 52 C7 3D A2 FD C5 3D D4 00 02 00 02 00 00 00 00 00 00 00 00 00 00 00 00 00 00 00 00 00 00 00 00 00 00 00 00 00 00 00 00 00 00 00 00 00 00 00 00 00 00 41 A0 00 00 41 A0 FF 30 41 9F FF 30 41 9F 00 00 42 70 00 00 42 70 B8 0B 00 00 07 D0 00 00 00 00 00 00 00 00 00 00 41 F0 00 00 42 20 00 00 41 20 00 00 41 A0 00 60 00 00 FF F0 FF FF 1B 4F 
Rx:004643-00 10 05 00 00 4B 96 0E 10 42 A0 40 00 3D 32 00 00 00 00 00 00 00 00 EE 00 41 39 65 A0 41 3E D6 F0 41 80 AC A0 41 7E BE 2A 42 3E CD B9 42 3E ED 0B 3D A7 42 F2 3D 69 00 02 00 02 00 00 00 00 00 00 00 00 00 00 00 00 00 00 00 00 00 00 00 00 00 00 00 00 00 00 00 00 00 00 00 00 00 00 00 00 00 00 41 A0 00 00 41 A0 FF 30 41 9F FF 30 41 9F 00 00 42 70 00 00 42 70 B8 0B 00 00 07 D0 00 00 00 00 00 00 00 00 00 00 41 F0 00 00 42 20 00 00 41 20 00 00 41 A0 00 60 00 00 FF F0 FF FF CF AF 
Rx:004644-00 10 05 00 00 4B 96 0E 10 42 A0 40 00 3D 32 00 00 00 00 00 00 00 00 18 E0 41 28 01 A0 41 31 56 F0 41 80 AC A0 41 7E 5C E7 42 3E D5 81 42 3E 5B 43 3D DF 59 25 3D A9 00 02 00 02 00 00 00 00 00 00 00 00 00 00 00 00 00 00 00 00 00 00 00 00 00 00 00 00 00 00 00 00 00 00 00 00 00 00 00 00 00 00 41 A0 00 00 41 A0 FF 30 41 9F FF 30 41 9F 00 00 42 70 00 00 42 70 B8 0B 00 00 07 D0 00 00 00 00 00 00 00 00 00 00 41 F0 00 00 42 20 00 00 41 20 00 00 41 A0 00 60 00 00 FF F0 FF FF D3 C7 
Rx:004645-00 10 05 00 00 4B 96 0E 10 42 A0 40 00 3D 32 00 00 00 00 00 00 00 00 18 E0 41 28 EE 00 41 39 56 F0 41 80 AC A0 41 7E 59 03 42 3E CD B9 42 3E 03 2D 3D 87 ED 0B 3D A7 00 02 00 02 00 00 00 00 00 00 00 00 00 00 00 00 00 00 00 00 00 00 00 00 00 00 00 00 00 00 00 00 00 00 00 00 00 00 00 00 00 00 41 A0 00 00 41 A0 FF 30 41 9F FF 30 41 9F 00 00 42 70 00 00 42 70 B8 0B 00 00 07 D0 00 00 00 00 00 00 00 00 00 00 41 F0 00 00 42 20 00 00 41 20 00 00 41 A0 00 60 00 00 FF F0 FF FF E9 1B 
Rx:004646-00 10 05 00 00 4B 96 0E 10 42 A0 40 00 3D 32 00 00 00 00 00 00 00 00 18 E0 41 28 EE 00 41 39 56 F0 41 80 AC A0 41 7E 64 AF 42 3E C9 D6 42 3E D6 40 3D A4 96 72 3D E4 00 02 00 02 00 00 00 00 00 00 00 00 00 00 00 00 00 00 00 00 00 00 00 00 00 00 00 00 00 00 00 00 00 00 00 00 00 00 00 00 00 00 41 A0 00 00 41 A0 FF 30 41 9F FF 30 41 9F 00 00 42 70 00 00 42 70 B8 0B 00 00 07 D0 00 00 00 00 00 00 00 00 00 00 41 F0 00 00 42 20 00 00 41 20 00 00 41 A0 00 60 00 00 FF F0 FF FF 87 B4 
Rx:004647-00 10 05 00 00 4B 96 0E 10 42 A0 40 00 3D 32 00 00 00 00 00 00 00 00 A5 E0 41 23 DE 20 41 42 D6 F0 41 80 AC A0 41 7E 6C 77 42 3E BA 46 42 3E F9 EA 3D A5 26 43 3D 7F 00 02 00 02 00 00 00 00 00 00 00 00 00 00 00 00 00 00 00 00 00 00 00 00 00 00 00 00 00 00 00 00 00 00 00 00 00 00 00 00 00 00 41 A0 00 00 41 A0 FF 30 41 9F FF 30 41 9F 00 00 42 70 00 00 42 70 B8 0B 00 00 07 D0 00 00 00 00 00 00 00 00 00 00 41 F0 00 00 42 20 00 00 41 20 00 00 41 A0 00 60 00 00 FF F0 FF FF 59 84 
Rx:004648-00 10 05 00 00 4B 96 0E 10 42 A0 40 00 3D 32 00 00 00 00 00 00 00 00 8C C0 41 2C 77 80 41 35 56 F0 41 80 AC A0 41 7E 55 1F 42 3E B6 62 42 3E 27 10 3D 89 84 70 3D A7 00 02 00 02 00 00 00 00 00 00 00 00 00 00 00 00 00 00 00 00 00 00 00 00 00 00 00 00 00 00 00 00 00 00 00 00 00 00 00 00 00 00 41 A0 00 00 41 A0 FF 30 41 9F FF 30 41 9F 00 00 42 70 00 00 42 70 B8 0B 00 00 07 D0 00 00 00 00 00 00 00 00 00 00 41 F0 00 00 42 20 00 00 41 20 00 00 41 A0 00 60 00 00 FF F0 FF FF 0D 1F 
Rx:004649-00 10 05 00 00 4B 96 0E 10 42 A0 40 00 3D 32 00 00 00 00 00 00 00 00 18 E0 41 28 77 80 41 35 D6 F0 41 80 AC A0 41 7E CD B9 42 3E CD B9 42 3E CF 22 3D C3 26 43 3D 7F 00 02 00 02 00 00 00 00 00 00 00 00 00 00 00 00 00 00 00 00 00 00 00 00 00 00 00 00 00 00 00 00 00 00 00 00 00 00 00 00 00 00 41 A0 00 00 41 A0 FF 30 41 9F FF 30 41 9F 00 00 42 70 00 00 42 70 B8 0B 00 00 07 D0 00 00 00 00 00 00 00 00 00 00 41 F0 00 00 42 20 00 00 41 20 00 00 41 A0 00 60 00 00 FF F0 FF FF 66 8D 
Rx:004650-00 10 05 00 00 4B 96 0E 10 42 A0 40 00 3D 32 00 00 00 00 00 00 00 00 A5 E0 41 23 DE 20 41 42 56 F0 41 80 AC A0 41 7E 68 93 42 3E C9 D6 42 3E 96 50 3D BB 6C CE 3D 99 00 02 00 02 00 00 00 00 00 00 00 00 00 00 00 00 00 00 00 00 00 00 00 00 00 00 00 00 00 00 00 00 00 00 00 00 00 00 00 00 00 00 41 A0 00 00 41 A0 FF 30 41 9F FF 30 41 9F 00 00 42 70 00 00 42 70 B8 0B 00 00 07 D0 00 00 00 00 00 00 00 00 00 00 41 F0 00 00 42 20 00 00 41 20 00 00 41 A0 00 60 00 00 FF F0 FF FF C8 68 
Rx:004651-00 10 05 00 00 4B 96 0E 10 42 A0 40 00 3D 32 00 00 00 00 00 00 00 00 01 A0 41 31 01 A0 41 31 56 F0 41 80 AC A0 41 7E 4D 57 42 3E D1 9D 42 3E 77 3B 3D 95 22 62 3D BC 00 02 00 02 00 00 00 00 00 00 00 00 00 00 00 00 00 00 00 00 00 00 00 00 00 00 00 00 00 00 00 00 00 00 00 00 00 00 00 00 00 00 41 A0 00 00 41 A0 FF 30 41 9F FF 30 41 9F 00 00 42 70 00 00 42 70 B8 0B 00 00 07 D0 00 00 00 00 00 00 00 00 00 00 41 F0 00 00 42 20 00 00 41 20 00 00 41 A0 00 60 00 00 FF F0 FF FF 88 4C 
Rx:004652-00 10 05 00 00 4B 96 0E 10 42 A0 40 00 3D 32 00 00 00 00 00 00 00 00 A5 E0 41 23 57 80 41 47 56 F0 41 80 AC A0 41 7E 51 3B 42 3E CD B9 42 3E 31 19 3D 98 7B 54 3D E9 00 02 00 02 00 00 00 00 00 00 00 00 00 00 00 00 00 00 00 00 00 00 00 00 00 00 00 00 00 00 00 00 00 00 00 00 00 00 00 00 00 00 41 A0 00 00 41 A0 FF 30 41 9F FF 30 41 9F 00 00 42 70 00 00 42 70 B8 0B 00 00 07 D0 00 00 00 00 00 00 00 00 00 00 41 F0 00 00 42 20 00 00 41 20 00 00 41 A0 00 60 00 00 FF F0 FF FF C2 69 
Rx:004653-00 10 05 00 00 4B 96 0E 10 42 A0 40 00 3D 32 00 00 00 00 00 00 00 00 18 E0 41 28 DE 20 41 42 D6 F0 41 80 AC A0 41 7E 5C E7 42 3E CD B9 42 3E 2C FD 3D 9D FF F3 3D D9 00 02 00 02 00 00 00 00 00 00 00 00 00 00 00 00 00 00 00 00 00 00 00 00 00 00 00 00 00 00 00 00 00 00 00 00 00 00 00 00 00 00 41 A0 00 00 41 A0 FF 30 41 9F FF 30 41 9F 00 00 42 70 00 00 42 70 B8 0B 00 00 07 D0 00 00 00 00 00 00 00 00 00 00 41 F0 00 00 42 20 00 00 41 20 00 00 41 A0 00 60 00 00 FF F0 FF FF E7 C8 
Rx:004654-00 10 05 00 00 4B 96 0E 10 42 A0 40 00 3D 32 00 00 00 00 00 00 00 00 77 80 41 35 EE 00 41 39 56 F0 41 80 AC A0 41 7E 49 73 42 3E BE 2A 42 3E 59 24 3D A9 5C 51 3D EA 00 02 00 02 00 00 00 00 00 00 00 00 00 00 00 00 00 00 00 00 00 00 00 00 00 00 00 00 00 00 00 00 00 00 00 00 00 00 00 00 00 00 41 A0 00 00 41 A0 FF 30 41 9F FF 30 41 9F 00 00 42 70 00 00 42 70 B8 0B 00 00 07 D0 00 00 00 00 00 00 00 00 00 00 41 F0 00 00 42 20 00 00 41 20 00 00 41 A0 00 60 00 00 FF F0 FF FF D5 79 
Rx:004655-00 10 05 00 00 4B 96 0E 10 42 A0 40 00 3D 32 00 00 00 00 00 00 00 00 18 E0 41 28 DE 20 41 42 56 F0 41 80 AC A0 41 7E BA 46 42 3E C9 D6 42 3E A4 90 3D B1 96 50 3D BB 00 02 00 02 00 00 00 00 00 00 00 00 00 00 00 00 00 00 00 00 00 00 00 00 00 00 00 00 00 00 00 00 00 00 00 00 00 00 00 00 00 00 41 A0 00 00 41 A0 FF 30 41 9F FF 30 41 9F 00 00 42 70 00 00 42 70 B8 0B 00 00 07 D0 00 00 00 00 00 00 00 00 00 00 41 F0 00 00 42 20 00 00 41 20 00 00 41 A0 00 60 00 00 FF F0 FF FF 8F 91 
Rx:004656-00 10 05 00 00 4B 96 0E 10 42 A0 40 00 3D 32 00 00 00 00 00 00 00 00 8C C0 41 2C EE 00 41 39 56 F0 41 80 AC A0 41 7E 59 03 42 3E D1 9D 42 3E 64 C1 3D 9D 46 65 3D E0 00 02 00 02 00 00 00 00 00 00 00 00 00 00 00 00 00 00 00 00 00 00 00 00 00 00 00 00 00 00 00 00 00 00 00 00 00 00 00 00 00 00 41 A0 00 00 41 A0 FF 30 41 9F FF 30 41 9F 00 00 42 70 00 00 42 70 B8 0B 00 00 07 D0 00 00 00 00 00 00 00 00 00 00 41 F0 00 00 42 20 00 00 41 20 00 00 41 A0 00 60 00 00 FF F0 FF FF 12 F6 
Rx:004657-00 10 05 00 00 4B 96 0E 10 42 A0 40 00 3D 32 00 00 00 00 00 00 00 00 A5 E0 41 23 2E 20 41 00 56 F0 41 80 AC A0 41 7E 6C 77 42 3E C9 D6 42 3E 3F A9 3D AD 45 98 3D 93 00 02 00 02 00 00 00 00 00 00 00 00 00 00 00 00 00 00 00 00 00 00 00 00 00 00 00 00 00 00 00 00 00 00 00 00 00 00 00 00 00 00 41 A0 00 00 41 A0 FF 30 41 9F FF 30 41 9F 00 00 42 70 00 00 42 70 B8 0B 00 00 07 D0 00 00 00 00 00 00 00 00 00 00 41 F0 00 00 42 20 00 00 41 20 00 00 41 A0 00 60 00 00 FF F0 FF FF 38 AC 
Rx:004658-00 10 05 00 00 4B 96 0E 10 42 A0 40 00 3D 32 00 00 00 00 00 00 00 00 8C C0 41 2C DE 20 41 42 D6 F0 41 80 AC A0 41 7E 68 93 42 3E D1 9D 42 3E 79 9B 3E 0B 49 A4 3D E4 00 02 00 02 00 00 00 00 00 00 00 00 00 00 00 00 00 00 00 00 00 00 00 00 00 00 00 00 00 00 00 00 00 00 00 00 00 00 00 00 00 00 41 A0 00 00 41 A0 FF 30 41 9F FF 30 41 9F 00 00 42 70 00 00 42 70 B8 0B 00 00 07 D0 00 00 00 00 00 00 00 00 00 00 41 F0 00 00 42 20 00 00 41 20 00 00 41 A0 00 60 00 00 FF F0 FF FF A2 3F 
Rx:004659-00 10 05 00 00 4B 96 0E 10 42 A0 40 00 3D 32 00 00 00 00 00 00 00 00 18 E0 41 28 DE 20 41 42 D6 F0 41 80 AD 60 41 7F 5C E7 42 3E C9 D6 42 3E 96 BF 3D B6 D8 25 3D C2 00 02 00 02 00 00 00 00 00 00 00 00 00 00 00 00 00 00 00 00 00 00 00 00 00 00 00 00 00 00 00 00 00 00 00 00 00 00 00 00 00 00 41 A0 00 00 41 A0 FF 30 41 9F FF 30 41 9F 00 00 42 70 00 00 42 70 B8 0B 00 00 07 D0 00 00 00 00 00 00 00 00 00 00 41 F0 00 00 42 20 00 00 41 20 00 00 41 A0 00 60 00 00 FF F0 FF FF D6 CD 
Rx:004660-00 10 05 00 00 4B 96 0E 10 42 A0 40 00 3D 32 00 00 00 00 00 00 00 00 A5 E0 41 23 65 A0 41 3E D6 F0 41 80 AC A0 41 7E 55 1F 42 3E D5 81 42 3E C0 E7 3D AC 52 24 3D 84 00 02 00 02 00 00 00 00 00 00 00 00 00 00 00 00 00 00 00 00 00 00 00 00 00 00 00 00 00 00 00 00 00 00 00 00 00 00 00 00 00 00 41 A0 00 00 41 A0 FF 30 41 9F FF 30 41 9F 00 00 42 70 00 00 42 70 B8 0B 00 00 07 D0 00 00 00 00 00 00 00 00 00 00 41 F0 00 00 42 20 00 00 41 20 00 00 41 A0 00 60 00 00 FF F0 FF FF 81 97 
Rx:004661-00 10 05 00 00 4B 96 0E 10 42 A0 40 00 3D 32 00 00 00 00 00 00 00 00 A5 E0 41 23 77 80 41 35 56 F0 41 80 AC A0 41 7E 55 1F 42 3E D1 9D 42 3E 52 C7 3D A2 D2 DE 3D AE 00 02 00 02 00 00 00 00 00 00 00 00 00 00 00 00 00 00 00 00 00 00 00 00 00 00 00 00 00 00 00 00 00 00 00 00 00 00 00 00 00 00 41 A0 00 00 41 A0 FF 30 41 9F FF 30 41 9F 00 00 42 70 00 00 42 70 B8 0B 00 00 07 D0 00 00 00 00 00 00 00 00 00 00 41 F0 00 00 42 20 00 00 41 20 00 00 41 A0 00 60 00 00 FF F0 FF FF 4E 80 
Rx:004662-00 10 05 00 00 4B 96 0E 10 42 A0 40 00 3D 32 00 00 00 00 00 00 00 00 8C C0 41 2C EE 00 41 39 56 F0 41 80 AC A0 41 7E 49 73 42 3E C2 0E 42 3E 50 0D 3D A7 27 10 3D 89 00 02 00 02 00 00 00 00 00 00 00 00 00 00 00 00 00 00 00 00 00 00 00 00 00 00 00 00 00 00 00 00 00 00 00 00 00 00 00 00 00 00 41 A0 00 00 41 A0 FF 30 41 9F FF 30 41 9F 00 00 42 70 00 00 42 70 B8 0B 00 00 07 D0 00 00 00 00 00 00 00 00 00 00 41 F0 00 00 42 20 00 00 41 20 00 00 41 A0 00 60 00 00 FF F0 FF FF E1 81 
Rx:004663-00 10 05 00 00 4B 96 0E 10 42 A0 40 00 3D 32 00 00 00 00 00 00 00 00 18 E0 41 28 DE 20 41 42 D6 F0 41 80 AC A0 41 7E 60 CB 42 3E CD B9 42 3E FD AC 3D B7 ED 0B 3D A7 00 02 00 02 00 00 00 00 00 00 00 00 00 00 00 00 00 00 00 00 00 00 00 00 00 00 00 00 00 00 00 00 00 00 00 00 00 00 00 00 00 00 41 A0 00 00 41 A0 FF 30 41 9F FF 30 41 9F 00 00 42 70 00 00 42 70 B8 0B 00 00 07 D0 00 00 00 00 00 00 00 00 00 00 41 F0 00 00 42 20 00 00 41 20 00 00 41 A0 00 60 00 00 FF F0 FF FF AC BF 
Rx:004664-00 10 05 00 00 4B 96 0E 10 42 A0 40 00 3D 32 00 00 00 00 00 00 00 00 8C C0 41 2C 01 A0 41 31 56 F0 41 80 AC A0 41 7E 55 1F 42 3E BE 2A 42 3E 96 BF 3D B6 06 E3 3D D0 00 02 00 02 00 00 00 00 00 00 00 00 00 00 00 00 00 00 00 00 00 00 00 00 00 00 00 00 00 00 00 00 00 00 00 00 00 00 00 00 00 00 41 A0 00 00 41 A0 FF 30 41 9F FF 30 41 9F 00 00 42 70 00 00 42 70 B8 0B 00 00 07 D0 00 00 00 00 00 00 00 00 00 00 41 F0 00 00 42 20 00 00 41 20 00 00 41 A0 00 60 00 00 FF F0 FF FF A7 9B 
Rx:004665-00 10 05 00 00 4B 96 0E 10 42 A0 40 00 3D 32 00 00 00 00 00 00 00 00 01 A0 41 31 DE 20 41 42 D6 F0 41 80 AC A0 41 7E 59 03 42 3E CD B9 42 3E 74 AE 3D AC 6E 39 3D 94 00 02 00 02 00 00 00 00 00 00 00 00 00 00 00 00 00 00 00 00 00 00 00 00 00 00 00 00 00 00 00 00 00 00 00 00 00 00 00 00 00 00 41 A0 00 00 41 A0 FF 30 41 9F FF 30 41 9F 00 00 42 70 00 00 42 70 B8 0B 00 00 07 D0 00 00 00 00 00 00 00 00 00 00 41 F0 00 00 42 20 00 00 41 20 00 00 41 A0 00 60 00 00 FF F0 FF FF BF 8E 
Rx:004666-00 10 05 00 00 4B 96 0E 10 42 A0 40 00 3D 32 00 00 00 00 00 00 00 00 EE 00 41 39 DE 20 41 42 56 F0 41 80 AC A0 41 7E 59 03 42 3E D1 9D 42 3E 74 AE 3D AC FD C4 3D D4 00 02 00 02 00 00 00 00 00 00 00 00 00 00 00 00 00 00 00 00 00 00 00 00 00 00 00 00 00 00 00 00 00 00 00 00 00 00 00 00 00 00 41 A0 00 00 41 A0 FF 30 41 9F FF 30 41 9F 00 00 42 70 00 00 42 70 B8 0B 00 00 07 D0 00 00 00 00 00 00 00 00 00 00 41 F0 00 00 42 20 00 00 41 20 00 00 41 A0 00 60 00 00 FF F0 FF FF 6C DC 
Rx:004667-00 10 05 00 00 4B 96 0E 10 42 A0 40 00 3D 32 00 00 00 00 00 00 00 00 77 80 41 35 57 80 41 47 56 F0 41 80 AC A0 41 7E 59 03 42 3E BE 2A 42 3E 3F A9 3D AD 22 F7 3D EF 00 02 00 02 00 00 00 00 00 00 00 00 00 00 00 00 00 00 00 00 00 00 00 00 00 00 00 00 00 00 00 00 00 00 00 00 00 00 00 00 00 00 41 A0 00 00 41 A0 FF 30 41 9F FF 30 41 9F 00 00 42 70 00 00 42 70 B8 0B 00 00 07 D0 00 00 00 00 00 00 00 00 00 00 41 F0 00 00 42 20 00 00 41 20 00 00 41 A0 00 60 00 00 FF F0 FF FF 55 DA 
Rx:004668-00 10 05 00 00 4B 96 0E 10 42 A0 40 00 3D 32 00 00 00 00 00 00 00 00 8C C0 41 2C 65 A0 41 3E 56 F0 41 80 AC A0 41 7E 5C E7 42 3E C2 0E 42 3E 73 29 3D B1 27 10 3D 89 00 02 00 02 00 00 00 00 00 00 00 00 00 00 00 00 00 00 00 00 00 00 00 00 00 00 00 00 00 00 00 00 00 00 00 00 00 00 00 00 00 00 41 A0 00 00 41 A0 FF 30 41 9F FF 30 41 9F 00 00 42 70 00 00 42 70 B8 0B 00 00 07 D0 00 00 00 00 00 00 00 00 00 00 41 F0 00 00 42 20 00 00 41 20 00 00 41 A0 00 60 00 00 FF F0 FF FF B0 E8 
Rx:004669-00 10 05 00 00 4B 96 0E 10 42 A0 40 00 3D 32 00 00 00 00 00 00 00 00 18 E0 41 28 DE 20 41 42 56 F0 41 80 AC A0 41 7E 59 03 42 3E C9 D6 42 3E 7A BB 3D E2 09 FB 3D 93 00 02 00 02 00 00 00 00 00 00 00 00 00 00 00 00 00 00 00 00 00 00 00 00 00 00 00 00 00 00 00 00 00 00 00 00 00 00 00 00 00 00 41 A0 00 00 41 A0 FF 30 41 9F FF 30 41 9F 00 00 42 70 00 00 42 70 B8 0B 00 00 07 D0 00 00 00 00 00 00 00 00 00 00 41 F0 00 00 42 20 00 00 41 20 00 00 41 A0 00 60 00 00 FF F0 FF FF 62 C5 
Rx:004670-00 10 05 00 00 4B 96 0E 10 42 A0 40 00 3D 32 00 00 00 00 00 00 00 00 A5 E0 41 23 DE 20 41 42 D6 F0 41 80 AC A0 41 7E 4D 57 42 3E D1 9D 42 3E A3 C2 3D A2 28 F4 3D B1 00 02 00 02 00 00 00 00 00 00 00 00 00 00 00 00 00 00 00 00 00 00 00 00 00 00 00 00 00 00 00 00 00 00 00 00 00 00 00 00 00 00 41 A0 00 00 41 A0 FF 30 41 9F FF 30 41 9F 00 00 42 70 00 00 42 70 B8 0B 00 00 07 D0 00 00 00 00 00 00 00 00 00 00 41 F0 00 00 42 20 00 00 41 20 00 00 41 A0 00 60 00 00 FF F0 FF FF 5C B3 
Rx:004671-00 10 05 00 00 4B 96 0E 10 42 A0 40 00 3D 32 00 00 00 00 00 00 00 00 8C C0 41 2C 65 A0 41 3E 56 F0 41 80 AC A0 41 7E 59 03 42 3E D5 81 42 3E E7 0E 3D 88 E5 D6 3D C5 00 02 00 02 00 00 00 00 00 00 00 00 00 00 00 00 00 00 00 00 00 00 00 00 00 00 00 00 00 00 00 00 00 00 00 00 00 00 00 00 00 00 41 A0 00 00 41 A0 FF 30 41 9F FF 30 41 9F 00 00 42 70 00 00 42 70 B8 0B 00 00 07 D0 00 00 00 00 00 00 00 00 00 00 41 F0 00 00 42 20 00 00 41 20 00 00 41 A0 00 60 00 00 FF F0 FF FF 20 2D 
Rx:004672-00 10 05 00 00 4B 96 0E 10 42 A0 40 00 3D 32 00 00 00 00 00 00 00 00 18 E0 41 28 DE 20 41 42 56 F0 41 80 AC A0 41 7E 60 CB 42 3E C9 D6 42 3E BC 87 3D 93 31 18 3D 98 00 02 00 02 00 00 00 00 00 00 00 00 00 00 00 00 00 00 00 00 00 00 00 00 00 00 00 00 00 00 00 00 00 00 00 00 00 00 00 00 00 00 41 A0 00 00 41 A0 FF 30 41 9F FF 30 41 9F 00 00 42 70 00 00 42 70 B8 0B 00 00 07 D0 00 00 00 00 00 00 00 00 00 00 41 F0 00 00 42 20 00 00 41 20 00 00 41 A0 00 60 00 00 FF F0 FF FF BF 14 
Rx:004673-00 10 05 00 00 4B 96 0E 10 42 A0 40 00 3D 32 00 00 00 00 00 00 00 00 77 80 41 35 65 A0 41 3E 56 F0 41 80 AC A0 41 7E AE 9A 42 3E C9 D6 42 3E 6C 2B 3D 8E 1E 9B 3D 4C 00 02 00 02 00 00 00 00 00 00 00 00 00 00 00 00 00 00 00 00 00 00 00 00 00 00 00 00 00 00 00 00 00 00 00 00 00 00 00 00 00 00 41 A0 00 00 41 A0 FF 30 41 9F FF 30 41 9F 00 00 42 70 00 00 42 70 B8 0B 00 00 07 D0 00 00 00 00 00 00 00 00 00 00 41 F0 00 00 42 20 00 00 41 20 00 00 41 A0 00 60 00 00 FF F0 FF FF 44 28 
Rx:004674-00 10 05 00 00 4B 96 0E 10 42 A0 40 00 3D 32 00 00 00 00 00 00 00 00 18 E0 41 28 65 A0 41 3E 56 F0 41 80 AD 60 41 7F 5C E7 42 3E C5 F2 42 3E 89 75 3D A8 37 C2 3D A2 00 02 00 02 00 00 00 00 00 00 00 00 00 00 00 00 00 00 00 00 00 00 00 00 00 00 00 00 00 00 00 00 00 00 00 00 00 00 00 00 00 00 41 A0 00 00 41 A0 FF 30 41 9F FF 30 41 9F 00 00 42 70 00 00 42 70 B8 0B 00 00 07 D0 00 00 00 00 00 00 00 00 00 00 41 F0 00 00 42 20 00 00 41 20 00 00 41 A0 00 60 00 00 FF F0 FF FF C8 06 
Rx:004675-00 10 05 00 00 4B 96 0E 10 42 A0 40 00 3D 32 00 00 00 00 00 00 00 00 77 80 41 35 57 80 41 47 56 F0 41 80 AC A0 41 7E 60 CB 42 3E CD B9 42 3E C2 F8 3D C6 BD 5A 3D DF 00 02 00 02 00 00 00 00 00 00 00 00 00 00 00 00 00 00 00 00 00 00 00 00 00 00 00 00 00 00 00 00 00 00 00 00 00 00 00 00 00 00 41 A0 00 00 41 A0 FF 30 41 9F FF 30 41 9F 00 00 42 70 00 00 42 70 B8 0B 00 00 07 D0 00 00 00 00 00 00 00 00 00 00 41 F0 00 00 42 20 00 00 41 20 00 00 41 A0 00 60 00 00 FF F0 FF FF AE 82 
Rx:004676-00 10 05 00 00 4B 96 0E 10 42 A0 40 00 3D 32 00 00 00 00 00 00 00 00 18 E0 41 28 8C C0 41 2C D6 F0 41 80 AC A0 41 7E B6 62 42 3E CD B9 42 3E DB D8 3D 8F C9 C5 3D D7 00 02 00 02 00 00 00 00 00 00 00 00 00 00 00 00 00 00 00 00 00 00 00 00 00 00 00 00 00 00 00 00 00 00 00 00 00 00 00 00 00 00 41 A0 00 00 41 A0 FF 30 41 9F FF 30 41 9F 00 00 42 70 00 00 42 70 B8 0B 00 00 07 D0 00 00 00 00 00 00 00 00 00 00 41 F0 00 00 42 20 00 00 41 20 00 00 41 A0 00 60 00 00 FF F0 FF FF E9 21 
