Rx:004917-00 10 05 00 00 4B 96 0E 10 42 A0 40 00 3D 32 00 00 00 00 00 00 00 00 EE 00 41 39 DE 20 41 42 D6 F0 41 80 AD 60 41 7F 49 73 42 3E C9 D6 42 3E E7 0D 3D 88 7E BA 3D B6 00 02 00 02 00 00 00 00 00 00 00 00 00 00 00 00 00 00 00 00 00 00 00 00 00 00 00 00 00 00 00 00 00 00 00 00 00 00 00 00 00 00 41 A0 00 00 41 A0 FF 30 41 9F FF 30 41 9F 00 00 42 70 00 00 42 70 B8 0B 00 00 07 D0 00 00 00 00 00 00 00 00 00 00 41 F0 00 00 42 20 00 00 41 20 00 00 41 A0 00 60 00 00 FF F0 FF FF E0 D6 
Rx:004918-00 10 05 00 00 4B 96 0E 10 42 A0 40 00 3D 32 00 00 00 00 00 00 00 00 8C C0 41 2C EE 00 41 39 56 F0 41 80 AD 60 41 7F 4D 57 42 3E BE 2A 42 3E 3A 58 3D B4 87 FD 3D CB 00 02 00 02 00 00 00 00 00 00 00 00 00 00 00 00 00 00 00 00 00 00 00 00 00 00 00 00 00 00 00 00 00 00 00 00 00 00 00 00 00 00 41 A0 00 00 41 A0 FF 30 41 9F FF 30 41 9F 00 00 42 70 00 00 42 70 B8 0B 00 00 07 D0 00 00 00 00 00 00 00 00 00 00 41 F0 00 00 42 20 00 00 41 20 00 00 41 A0 00 60 00 00 FF F0 FF FF B6 4E 
Rx:004919-00 10 05 00 00 4B 96 0E 10 42 A0 40 00 3D 32 00 00 00 00 00 00 00 00 01 A0 41 31 57 80 41 47 56 F0 41 80 AD 60 41 7F 51 3B 42 3E D1 9D 42 3E BF F5 3D D4 A4 91 3D B1 00 02 00 02 00 00 00 00 00 00 00 00 00 00 00 00 00 00 00 00 00 00 00 00 00 00 00 00 00 00 00 00 00 00 00 00 00 00 00 00 00 00 41 A0 00 00 41 A0 FF 30 41 9F FF 30 41 9F 00 00 42 70 00 00 42 70 B8 0B 00 00 07 D0 00 00 00 00 00 00 00 00 00 00 41 F0 00 00 42 20 00 00 41 20 00 00 41 A0 00 60 00 00 FF F0 FF FF 8F 10 
Rx:004920-00 10 05 00 00 4B 96 0E 10 42 A0 40 00 3D 32 00 00 00 00 00 00 00 00 A5 E0 41 23 DE 20 41 42 D6 F0 41 80 AD 60 41 7F 55 1F 42 3E D5 81 42 3E 8B E3 3D C3 BC 86 3D 93 00 02 00 02 00 00 00 00 00 00 00 00 00 00 00 00 00 00 00 00 00 00 00 00 00 00 00 00 00 00 00 00 00 00 00 00 00 00 00 00 00 00 41 A0 00 00 41 A0 FF 30 41 9F FF 30 41 9F 00 00 42 70 00 00 42 70 B8 0B 00 00 07 D0 00 00 00 00 00 00 00 00 00 00 41 F0 00 00 42 20 00 00 41 20 00 00 41 A0 00 60 00 00 FF F0 FF FF 0D 27 
Rx:004921-00 10 05 00 00 4B 96 0E 10 42 A0 40 00 3D 32 00 00 00 00 00 00 00 00 8C C0 41 2C DE 20 41 42 D6 F0 41 80 AD 60 41 7F 68 93 42 3E BE 2A 42 3E F0 82 3D AD FD C5 3D D4 00 02 00 02 00 00 00 00 00 00 00 00 00 00 00 00 00 00 00 00 00 00 00 00 00 00 00 00 00 00 00 00 00 00 00 00 00 00 00 00 00 00 41 A0 00 00 41 A0 FF 30 41 9F FF 30 41 9F 00 00 42 70 00 00 42 70 B8 0B 00 00 07 D0 00 00 00 00 00 00 00 00 00 00 41 F0 00 00 42 20 00 00 41 20 00 00 41 A0 00 60 00 00 FF F0 FF FF 18 3F 
Rx:004922-00 10 05 00 00 4B 96 0E 10 42 A0 40 00 3D 32 00 00 00 00 00 00 00 00 A5 E0 41 23 DE 20 41 42 D6 F0 41 80 AD 60 41 7F 60 CB 42 3E D5 81 42 3E A3 C2 3D A2 96 50 3D BB 00 02 00 02 00 00 00 00 00 00 00 00 00 00 00 00 00 00 00 00 00 00 00 00 00 00 00 00 00 00 00 00 00 00 00 00 00 00 00 00 00 00 41 A0 00 00 41 A0 FF 30 41 9F FF 30 41 9F 00 00 42 70 00 00 42 70 B8 0B 00 00 07 D0 00 00 00 00 00 00 00 00 00 00 41 F0 00 00 42 20 00 00 41 20 00 00 41 A0 00 60 00 00 FF F0 FF FF EF 2F 
Rx:004923-00 10 05 00 00 4B 96 0E 10 42 A0 40 00 3D 32 00 00 00 00 00 00 00 00 18 E0 41 28 77 80 41 35 D6 F0 41 80 AD 60 41 7F 68 93 42 3E CD B9 42 3E 67 A6 3D BD 2C FD 3D 9D 00 02 00 02 00 00 00 00 00 00 00 00 00 00 00 00 00 00 00 00 00 00 00 00 00 00 00 00 00 00 00 00 00 00 00 00 00 00 00 00 00 00 41 A0 00 00 41 A0 FF 30 41 9F FF 30 41 9F 00 00 42 70 00 00 42 70 B8 0B 00 00 07 D0 00 00 00 00 00 00 00 00 00 00 41 F0 00 00 42 20 00 00 41 20 00 00 41 A0 00 60 00 00 FF F0 FF FF A9 F6 
Rx:004924-00 10 05 00 00 4B 96 0E 10 42 A0 40 00 3D 32 00 00 00 00 00 00 00 00 18 E0 41 28 65 A0 41 3E D6 F0 41 80 56 F0 41 80 59 03 42 3E C5 F2 42 3E 16 F5 3D 99 45 98 3D 93 00 02 00 02 00 00 00 00 00 00 00 00 00 00 00 00 00 00 00 00 00 00 00 00 00 00 00 00 00 00 00 00 00 00 00 00 00 00 00 00 00 00 41 A0 00 00 41 A0 FF 30 41 9F FF 30 41 9F 00 00 42 70 00 00 42 70 B8 0B 00 00 07 D0 00 00 00 00 00 00 00 00 00 00 41 F0 00 00 42 20 00 00 41 20 00 00 41 A0 00 60 00 00 FF F0 FF FF 2B 24 
Rx:004925-00 10 05 00 00 4B 96 0E 10 42 A0 40 00 3D 32 00 00 00 00 00 00 00 00 8C C0 41 2C 77 80 41 35 D6 F0 41 80 AD 60 41 7F 49 73 42 3E D1 9D 42 3E 87 FE 3D CB F0 C9 3D 8D 00 02 00 02 00 00 00 00 00 00 00 00 00 00 00 00 00 00 00 00 00 00 00 00 00 00 00 00 00 00 00 00 00 00 00 00 00 00 00 00 00 00 41 A0 00 00 41 A0 FF 30 41 9F FF 30 41 9F 00 00 42 70 00 00 42 70 B8 0B 00 00 07 D0 00 00 00 00 00 00 00 00 00 00 41 F0 00 00 42 20 00 00 41 20 00 00 41 A0 00 60 00 00 FF F0 FF FF 82 B5 
Rx:004926-00 10 05 00 00 4B 96 0E 10 42 A0 40 00 3D 32 00 00 00 00 00 00 00 00 18 E0 41 28 57 80 41 47 D6 F0 41 80 56 F0 41 80 59 03 42 3E CD B9 42 3E F0 81 3D AD B8 F7 3D C0 00 02 00 02 00 00 00 00 00 00 00 00 00 00 00 00 00 00 00 00 00 00 00 00 00 00 00 00 00 00 00 00 00 00 00 00 00 00 00 00 00 00 41 A0 00 00 41 A0 FF 30 41 9F FF 30 41 9F 00 00 42 70 00 00 42 70 B8 0B 00 00 07 D0 00 00 00 00 00 00 00 00 00 00 41 F0 00 00 42 20 00 00 41 20 00 00 41 A0 00 60 00 00 FF F0 FF FF CB DB 
Rx:004927-00 10 05 00 00 4B 96 0E 10 42 A0 40 00 3D 32 00 00 00 00 00 00 00 00 18 E0 41 28 DE 20 41 42 D6 F0 41 80 56 F0 41 80 45 8F 42 3E BA 46 42 3E 64 C0 3D 9D 65 A9 3D F3 00 02 00 02 00 00 00 00 00 00 00 00 00 00 00 00 00 00 00 00 00 00 00 00 00 00 00 00 00 00 00 00 00 00 00 00 00 00 00 00 00 00 41 A0 00 00 41 A0 FF 30 41 9F FF 30 41 9F 00 00 42 70 00 00 42 70 B8 0B 00 00 07 D0 00 00 00 00 00 00 00 00 00 00 41 F0 00 00 42 20 00 00 41 20 00 00 41 A0 00 60 00 00 FF F0 FF FF 03 93 
Rx:004928-00 10 05 00 00 4B 96 0E 10 42 A0 40 00 3D 32 00 00 00 00 00 00 00 00 18 E0 41 28 65 A0 41 3E 56 F0 41 80 56 F0 41 80 5C E7 42 3E D1 9D 42 3E C9 E8 3D F9 50 0D 3D A7 00 02 00 02 00 00 00 00 00 00 00 00 00 00 00 00 00 00 00 00 00 00 00 00 00 00 00 00 00 00 00 00 00 00 00 00 00 00 00 00 00 00 41 A0 00 00 41 A0 FF 30 41 9F FF 30 41 9F 00 00 42 70 00 00 42 70 B8 0B 00 00 07 D0 00 00 00 00 00 00 00 00 00 00 41 F0 00 00 42 20 00 00 41 20 00 00 41 A0 00 60 00 00 FF F0 FF FF 84 18 
Rx:004929-00 10 05 00 00 4B 96 0E 10 42 A0 40 00 3D 32 00 00 00 00 00 00 00 00 18 E0 41 28 57 80 41 47 D6 F0 41 80 56 F0 41 80 59 03 42 3E E1 2D 42 3E 84 71 3D A7 50 0D 3D A7 00 02 00 02 00 00 00 00 00 00 00 00 00 00 00 00 00 00 00 00 00 00 00 00 00 00 00 00 00 00 00 00 00 00 00 00 00 00 00 00 00 00 41 A0 00 00 41 A0 FF 30 41 9F FF 30 41 9F 00 00 42 70 00 00 42 70 B8 0B 00 00 07 D0 00 00 00 00 00 00 00 00 00 00 41 F0 00 00 42 20 00 00 41 20 00 00 41 A0 00 60 00 00 FF F0 FF FF DD 35 
Rx:004930-00 10 05 00 00 4B 96 0E 10 42 A0 40 00 3D 32 00 00 00 00 00 00 00 00 01 A0 41 31 65 A0 41 3E D6 F0 41 80 AD 60 41 7F 59 03 42 3E BE 2A 42 3E 7E B9 3D B6 A2 6F 3D E5 00 02 00 02 00 00 00 00 00 00 00 00 00 00 00 00 00 00 00 00 00 00 00 00 00 00 00 00 00 00 00 00 00 00 00 00 00 00 00 00 00 00 41 A0 00 00 41 A0 FF 30 41 9F FF 30 41 9F 00 00 42 70 00 00 42 70 B8 0B 00 00 07 D0 00 00 00 00 00 00 00 00 00 00 41 F0 00 00 42 20 00 00 41 20 00 00 41 A0 00 60 00 00 FF F0 FF FF B3 30 
Rx:004931-00 10 05 00 00 4B 96 0E 10 42 A0 40 00 3D 32 00 00 00 00 00 00 00 00 A5 E0 41 23 DE 20 41 42 D6 F0 41 80 AD 60 41 7F 60 CB 42 3E E8 F5 42 3E 37 C2 3D A2 59 24 3D A9 00 02 00 02 00 00 00 00 00 00 00 00 00 00 00 00 00 00 00 00 00 00 00 00 00 00 00 00 00 00 00 00 00 00 00 00 00 00 00 00 00 00 41 A0 00 00 41 A0 FF 30 41 9F FF 30 41 9F 00 00 42 70 00 00 42 70 B8 0B 00 00 07 D0 00 00 00 00 00 00 00 00 00 00 41 F0 00 00 42 20 00 00 41 20 00 00 41 A0 00 60 00 00 FF F0 FF FF 17 9C 
Rx:004932-00 10 05 00 00 4B 96 0E 10 42 A0 40 00 3D 32 00 00 00 00 00 00 00 00 18 E0 41 28 57 80 41 47 56 F0 41 80 AD 60 41 7F 5C E7 42 3E D1 9D 42 3E 22 63 3D BC 42 F5 3D 69 00 02 00 02 00 00 00 00 00 00 00 00 00 00 00 00 00 00 00 00 00 00 00 00 00 00 00 00 00 00 00 00 00 00 00 00 00 00 00 00 00 00 41 A0 00 00 41 A0 FF 30 41 9F FF 30 41 9F 00 00 42 70 00 00 42 70 B8 0B 00 00 07 D0 00 00 00 00 00 00 00 00 00 00 41 F0 00 00 42 20 00 00 41 20 00 00 41 A0 00 60 00 00 FF F0 FF FF CE F0 
Rx:004933-00 10 05 00 00 4B 96 0E 10 42 A0 40 00 3D 32 00 00 00 00 00 00 00 00 65 A0 41 3E DE 20 41 42 D6 F0 41 80 AD 60 41 7F 60 CB 42 3E C9 D6 42 3E 7E BA 3D B6 FD 30 3D C0 00 02 00 02 00 00 00 00 00 00 00 00 00 00 00 00 00 00 00 00 00 00 00 00 00 00 00 00 00 00 00 00 00 00 00 00 00 00 00 00 00 00 41 A0 00 00 41 A0 FF 30 41 9F FF 30 41 9F 00 00 42 70 00 00 42 70 B8 0B 00 00 07 D0 00 00 00 00 00 00 00 00 00 00 41 F0 00 00 42 20 00 00 41 20 00 00 41 A0 00 60 00 00 FF F0 FF FF EB 47 
Rx:004934-00 10 05 00 00 4B 96 0E 10 42 A0 40 00 3D 32 00 00 00 00 00 00 00 00 18 E0 41 28 DE 20 41 42 D6 F0 41 80 56 F0 41 80 55 1F 42 3E C5 F2 42 3E ED 0B 3D A7 62 03 3D 8B 00 02 00 02 00 00 00 00 00 00 00 00 00 00 00 00 00 00 00 00 00 00 00 00 00 00 00 00 00 00 00 00 00 00 00 00 00 00 00 00 00 00 41 A0 00 00 41 A0 FF 30 41 9F FF 30 41 9F 00 00 42 70 00 00 42 70 B8 0B 00 00 07 D0 00 00 00 00 00 00 00 00 00 00 41 F0 00 00 42 20 00 00 41 20 00 00 41 A0 00 60 00 00 FF F0 FF FF FD AF 
Rx:004935-00 10 05 00 00 4B 96 0E 10 42 A0 40 00 3D 32 00 00 00 00 00 00 00 00 18 E0 41 28 DE 20 41 42 D6 F0 41 80 AD 60 41 7F 68 93 42 3E C2 0E 42 3E C9 C2 3D D7 0C AB 3D 5F 00 02 00 02 00 00 00 00 00 00 00 00 00 00 00 00 00 00 00 00 00 00 00 00 00 00 00 00 00 00 00 00 00 00 00 00 00 00 00 00 00 00 41 A0 00 00 41 A0 FF 30 41 9F FF 30 41 9F 00 00 42 70 00 00 42 70 B8 0B 00 00 07 D0 00 00 00 00 00 00 00 00 00 00 41 F0 00 00 42 20 00 00 41 20 00 00 41 A0 00 60 00 00 FF F0 FF FF E2 77 
Rx:004936-00 10 05 00 00 4B 96 0E 10 42 A0 40 00 3D 32 00 00 00 00 00 00 00 00 18 E0 41 28 01 A0 41 31 56 F0 41 80 AD 60 41 7F 51 3B 42 3E D5 81 42 3E 31 18 3D 98 46 7E 3D EE 00 02 00 02 00 00 00 00 00 00 00 00 00 00 00 00 00 00 00 00 00 00 00 00 00 00 00 00 00 00 00 00 00 00 00 00 00 00 00 00 00 00 41 A0 00 00 41 A0 FF 30 41 9F FF 30 41 9F 00 00 42 70 00 00 42 70 B8 0B 00 00 07 D0 00 00 00 00 00 00 00 00 00 00 41 F0 00 00 42 20 00 00 41 20 00 00 41 A0 00 60 00 00 FF F0 FF FF 01 84 
Rx:004937-00 10 05 00 00 4B 96 0E 10 42 A0 40 00 3D 32 00 00 00 00 00 00 00 00 18 E0 41 28 EE 00 41 39 D6 F0 41 80 AD 60 41 7F 60 CB 42 3E BE 2A 42 3E 6C D0 3D 99 F0 82 3D AD 00 02 00 02 00 00 00 00 00 00 00 00 00 00 00 00 00 00 00 00 00 00 00 00 00 00 00 00 00 00 00 00 00 00 00 00 00 00 00 00 00 00 41 A0 00 00 41 A0 FF 30 41 9F FF 30 41 9F 00 00 42 70 00 00 42 70 B8 0B 00 00 07 D0 00 00 00 00 00 00 00 00 00 00 41 F0 00 00 42 20 00 00 41 20 00 00 41 A0 00 60 00 00 FF F0 FF FF 11 35 
Rx:004938-00 10 05 00 00 4B 96 0E 10 42 A0 40 00 3D 32 00 00 00 00 00 00 00 00 18 E0 41 28 57 80 41 47 56 F0 41 80 56 F0 41 80 59 03 42 3E D5 81 42 3E 46 66 3D E0 FD 33 3D C0 00 02 00 02 00 00 00 00 00 00 00 00 00 00 00 00 00 00 00 00 00 00 00 00 00 00 00 00 00 00 00 00 00 00 00 00 00 00 00 00 00 00 41 A0 00 00 41 A0 FF 30 41 9F FF 30 41 9F 00 00 42 70 00 00 42 70 B8 0B 00 00 07 D0 00 00 00 00 00 00 00 00 00 00 41 F0 00 00 42 20 00 00 41 20 00 00 41 A0 00 60 00 00 FF F0 FF FF F5 55 
Rx:004939-00 10 05 00 00 4B 96 0E 10 42 A0 40 00 3D 32 00 00 00 00 00 00 00 00 77 80 41 35 DE 20 41 42 D6 F0 41 80 56 F0 41 80 55 1F 42 3E CD B9 42 3E 31 18 3D 98 D9 2C 3D E9 00 02 00 02 00 00 00 00 00 00 00 00 00 00 00 00 00 00 00 00 00 00 00 00 00 00 00 00 00 00 00 00 00 00 00 00 00 00 00 00 00 00 41 A0 00 00 41 A0 FF 30 41 9F FF 30 41 9F 00 00 42 70 00 00 42 70 B8 0B 00 00 07 D0 00 00 00 00 00 00 00 00 00 00 41 F0 00 00 42 20 00 00 41 20 00 00 41 A0 00 60 00 00 FF F0 FF FF 6F 0A 
Rx:004940-00 10 05 00 00 4B 96 0E 10 42 A0 40 00 3D 32 00 00 00 00 00 00 00 00 18 E0 41 28 57 80 41 47 D6 F0 41 80 AD 60 41 7F 5C E7 42 3E CD B9 42 3E DE C1 3D B6 26 43 3D 7F 00 02 00 02 00 00 00 00 00 00 00 00 00 00 00 00 00 00 00 00 00 00 00 00 00 00 00 00 00 00 00 00 00 00 00 00 00 00 00 00 00 00 41 A0 00 00 41 A0 FF 30 41 9F FF 30 41 9F 00 00 42 70 00 00 42 70 B8 0B 00 00 07 D0 00 00 00 00 00 00 00 00 00 00 41 F0 00 00 42 20 00 00 41 20 00 00 41 A0 00 60 00 00 FF F0 FF FF 8C 09 
Rx:004941-00 10 05 00 00 4B 96 0E 10 42 A0 40 00 3D 32 00 00 00 00 00 00 00 00 A5 E0 41 23 DE 20 41 42 56 F0 41 80 AD 60 41 7F 59 03 42 3E D9 65 42 3E 9B 4C 3D 8C 73 59 3D 74 00 02 00 02 00 00 00 00 00 00 00 00 00 00 00 00 00 00 00 00 00 00 00 00 00 00 00 00 00 00 00 00 00 00 00 00 00 00 00 00 00 00 41 A0 00 00 41 A0 FF 30 41 9F FF 30 41 9F 00 00 42 70 00 00 42 70 B8 0B 00 00 07 D0 00 00 00 00 00 00 00 00 00 00 41 F0 00 00 42 20 00 00 41 20 00 00 41 A0 00 60 00 00 FF F0 FF FF 9C 0C 
Rx:004942-00 10 05 00 00 4B 96 0E 10 42 A0 40 00 3D 32 00 00 00 00 00 00 00 00 A5 E0 41 23 65 A0 41 3E 56 F0 41 80 AD 60 41 7F 60 CB 42 3E C9 D6 42 3E D8 05 3D B9 4E 9D 3D C8 00 02 00 02 00 00 00 00 00 00 00 00 00 00 00 00 00 00 00 00 00 00 00 00 00 00 00 00 00 00 00 00 00 00 00 00 00 00 00 00 00 00 41 A0 00 00 41 A0 FF 30 41 9F FF 30 41 9F 00 00 42 70 00 00 42 70 B8 0B 00 00 07 D0 00 00 00 00 00 00 00 00 00 00 41 F0 00 00 42 20 00 00 41 20 00 00 41 A0 00 60 00 00 FF F0 FF FF E9 BF 
Rx:004943-00 10 05 00 00 4B 96 0E 10 42 A0 40 00 3D 32 00 00 00 00 00 00 00 00 18 E0 41 28 DE 20 41 42 D6 F0 41 80 56 F0 41 80 60 CB 42 3E D1 9D 42 3E 96 BF 3D B6 73 2A 3D B1 00 02 00 02 00 00 00 00 00 00 00 00 00 00 00 00 00 00 00 00 00 00 00 00 00 00 00 00 00 00 00 00 00 00 00 00 00 00 00 00 00 00 41 A0 00 00 41 A0 FF 30 41 9F FF 30 41 9F 00 00 42 70 00 00 42 70 B8 0B 00 00 07 D0 00 00 00 00 00 00 00 00 00 00 41 F0 00 00 42 20 00 00 41 20 00 00 41 A0 00 60 00 00 FF F0 FF FF F0 FA 
Rx:004944-00 10 05 00 00 4B 96 0E 10 42 A0 40 00 3D 32 00 00 00 00 00 00 00 00 4D 00 41 50 57 80 41 47 D6 F0 41 80 AD 60 41 7F B2 7E 42 3E CD B9 42 3E 3D 4C 3D F9 52 24 3D 84 00 02 00 02 00 00 00 00 00 00 00 00 00 00 00 00 00 00 00 00 00 00 00 00 00 00 00 00 00 00 00 00 00 00 00 00 00 00 00 00 00 00 41 A0 00 00 41 A0 FF 30 41 9F FF 30 41 9F 00 00 42 70 00 00 42 70 B8 0B 00 00 07 D0 00 00 00 00 00 00 00 00 00 00 41 F0 00 00 42 20 00 00 41 20 00 00 41 A0 00 60 00 00 FF F0 FF FF 78 A5 
Rx:004945-00 10 05 00 00 4B 96 0E 10 42 A0 40 00 3D 32 00 00 00 00 00 00 00 00 01 A0 41 31 77 80 41 35 56 F0 41 80 AD 60 41 7F 64 AF 42 3E CD B9 42 3E 49 A4 3D E4 EE 90 3D 83 00 02 00 02 00 00 00 00 00 00 00 00 00 00 00 00 00 00 00 00 00 00 00 00 00 00 00 00 00 00 00 00 00 00 00 00 00 00 00 00 00 00 41 A0 00 00 41 A0 FF 30 41 9F FF 30 41 9F 00 00 42 70 00 00 42 70 B8 0B 00 00 07 D0 00 00 00 00 00 00 00 00 00 00 41 F0 00 00 42 20 00 00 41 20 00 00 41 A0 00 60 00 00 FF F0 FF FF 23 9A 
Rx:004946-00 10 05 00 00 4B 96 0E 10 42 A0 40 00 3D 32 00 00 00 00 00 00 00 00 8C C0 41 2C DE 20 41 42 D6 F0 41 80 AD 60 41 7F 59 03 42 3E CD B9 42 3E D3 B6 3D B8 C5 B2 3D CA 00 02 00 02 00 00 00 00 00 00 00 00 00 00 00 00 00 00 00 00 00 00 00 00 00 00 00 00 00 00 00 00 00 00 00 00 00 00 00 00 00 00 41 A0 00 00 41 A0 FF 30 41 9F FF 30 41 9F 00 00 42 70 00 00 42 70 B8 0B 00 00 07 D0 00 00 00 00 00 00 00 00 00 00 41 F0 00 00 42 20 00 00 41 20 00 00 41 A0 00 60 00 00 FF F0 FF FF C9 A0 
Rx:004947-00 10 05 00 00 4B 96 0E 10 42 A0 40 00 3D 32 00 00 00 00 00 00 00 00 8C C0 41 2C 01 A0 41 31 D6 F0 41 80 AD 60 41 7F 5C E7 42 3E CD B9 42 3E EE 90 3D 83 DF A7 3D 8B 00 02 00 02 00 00 00 00 00 00 00 00 00 00 00 00 00 00 00 00 00 00 00 00 00 00 00 00 00 00 00 00 00 00 00 00 00 00 00 00 00 00 41 A0 00 00 41 A0 FF 30 41 9F FF 30 41 9F 00 00 42 70 00 00 42 70 B8 0B 00 00 07 D0 00 00 00 00 00 00 00 00 00 00 41 F0 00 00 42 20 00 00 41 20 00 00 41 A0 00 60 00 00 FF F0 FF FF 70 2A 
Rx:004948-00 10 05 00 00 4B 96 0E 10 42 A0 40 00 3D 32 00 00 00 00 00 00 00 00 EE 00 41 39 DE 20 41 42 56 F0 41 80 AD 60 41 7F 59 03 42 3E C5 F2 42 3E DA 8C 3D 97 0E A5 3D F6 00 02 00 02 00 00 00 00 00 00 00 00 00 00 00 00 00 00 00 00 00 00 00 00 00 00 00 00 00 00 00 00 00 00 00 00 00 00 00 00 00 00 41 A0 00 00 41 A0 FF 30 41 9F FF 30 41 9F 00 00 42 70 00 00 42 70 B8 0B 00 00 07 D0 00 00 00 00 00 00 00 00 00 00 41 F0 00 00 42 20 00 00 41 20 00 00 41 A0 00 60 00 00 FF F0 FF FF 79 A4 
Rx:004949-00 10 05 00 00 4B 96 0E 10 42 A0 40 00 3D 32 00 00 00 00 00 00 00 00 8C C0 41 2C 77 80 41 35 D6 F0 41 80 56 F0 41 80 5C E7 42 3E C5 F2 42 3E C5 B1 3D CA 59 E0 3D 95 00 02 00 02 00 00 00 00 00 00 00 00 00 00 00 00 00 00 00 00 00 00 00 00 00 00 00 00 00 00 00 00 00 00 00 00 00 00 00 00 00 00 41 A0 00 00 41 A0 FF 30 41 9F FF 30 41 9F 00 00 42 70 00 00 42 70 B8 0B 00 00 07 D0 00 00 00 00 00 00 00 00 00 00 41 F0 00 00 42 20 00 00 41 20 00 00 41 A0 00 60 00 00 FF F0 FF FF 34 22 
Rx:004950-00 10 05 00 00 4B 96 0E 10 42 A0 40 00 3D 32 00 00 00 00 00 00 00 00 A5 E0 41 23 01 A0 41 31 D6 F0 41 80 AD 60 41 7F 59 03 42 3E CD B9 42 3E ED 0B 3D A7 0F AB 3D 8E 00 02 00 02 00 00 00 00 00 00 00 00 00 00 00 00 00 00 00 00 00 00 00 00 00 00 00 00 00 00 00 00 00 00 00 00 00 00 00 00 00 00 41 A0 00 00 41 A0 FF 30 41 9F FF 30 41 9F 00 00 42 70 00 00 42 70 B8 0B 00 00 07 D0 00 00 00 00 00 00 00 00 00 00 41 F0 00 00 42 20 00 00 41 20 00 00 41 A0 00 60 00 00 FF F0 FF FF 7F 51 
Rx:004951-00 10 05 00 00 4B 96 0E 10 42 A0 40 00 3D 32 00 00 00 00 00 00 00 00 8C C0 41 2C 57 80 41 47 56 F0 41 80 56 F0 41 80 59 03 42 3E C5 F2 42 3E AE 0E 3D BC D3 B7 3D B8 00 02 00 02 00 00 00 00 00 00 00 00 00 00 00 00 00 00 00 00 00 00 00 00 00 00 00 00 00 00 00 00 00 00 00 00 00 00 00 00 00 00 41 A0 00 00 41 A0 FF 30 41 9F FF 30 41 9F 00 00 42 70 00 00 42 70 B8 0B 00 00 07 D0 00 00 00 00 00 00 00 00 00 00 41 F0 00 00 42 20 00 00 41 20 00 00 41 A0 00 60 00 00 FF F0 FF FF A4 26 
Rx:004952-00 10 05 00 00 4B 96 0E 10 42 A0 40 00 3D 32 00 00 00 00 00 00 00 00 A5 E0 41 23 57 80 41 47 D6 F0 41 80 AD 60 41 7F 5C E7 42 3E D1 9D 42 3E 06 D4 3E 0C 04 80 3D EB 00 02 00 02 00 00 00 00 00 00 00 00 00 00 00 00 00 00 00 00 00 00 00 00 00 00 00 00 00 00 00 00 00 00 00 00 00 00 00 00 00 00 41 A0 00 00 41 A0 FF 30 41 9F FF 30 41 9F 00 00 42 70 00 00 42 70 B8 0B 00 00 07 D0 00 00 00 00 00 00 00 00 00 00 41 F0 00 00 42 20 00 00 41 20 00 00 41 A0 00 60 00 00 FF F0 FF FF C7 76 
Rx:004953-00 10 05 00 00 4B 96 0E 10 42 A0 40 00 3D 32 00 00 00 00 00 00 00 00 8C C0 41 2C DE 20 41 42 D6 F0 41 80 AD 60 41 7F 55 1F 42 3E D5 81 42 3E B9 7F 3D C5 DC B4 3D CF 00 02 00 02 00 00 00 00 00 00 00 00 00 00 00 00 00 00 00 00 00 00 00 00 00 00 00 00 00 00 00 00 00 00 00 00 00 00 00 00 00 00 41 A0 00 00 41 A0 FF 30 41 9F FF 30 41 9F 00 00 42 70 00 00 42 70 B8 0B 00 00 07 D0 00 00 00 00 00 00 00 00 00 00 41 F0 00 00 42 20 00 00 41 20 00 00 41 A0 00 60 00 00 FF F0 FF FF C9 B0 
Rx:004954-00 10 05 00 00 4B 96 0E 10 42 A0 40 00 3D 32 00 00 00 00 00 00 00 00 77 80 41 35 77 80 41 35 D6 F0 41 80 56 F0 41 80 59 03 42 3E C5 F2 42 3E 96 50 3D BB 0F AB 3D 8E 00 02 00 02 00 00 00 00 00 00 00 00 00 00 00 00 00 00 00 00 00 00 00 00 00 00 00 00 00 00 00 00 00 00 00 00 00 00 00 00 00 00 41 A0 00 00 41 A0 FF 30 41 9F FF 30 41 9F 00 00 42 70 00 00 42 70 B8 0B 00 00 07 D0 00 00 00 00 00 00 00 00 00 00 41 F0 00 00 42 20 00 00 41 20 00 00 41 A0 00 60 00 00 FF F0 FF FF 78 48 
Rx:004955-00 10 05 00 00 4B 96 0E 10 42 A0 40 00 3D 32 00 00 00 00 00 00 00 00 18 E0 41 28 DE 20 41 42 56 F0 41 80 AD 60 41 7F 51 3B 42 3E C5 F2 42 3E E5 D6 3D C5 87 74 3D 98 00 02 00 02 00 00 00 00 00 00 00 00 00 00 00 00 00 00 00 00 00 00 00 00 00 00 00 00 00 00 00 00 00 00 00 00 00 00 00 00 00 00 41 A0 00 00 41 A0 FF 30 41 9F FF 30 41 9F 00 00 42 70 00 00 42 70 B8 0B 00 00 07 D0 00 00 00 00 00 00 00 00 00 00 41 F0 00 00 42 20 00 00 41 20 00 00 41 A0 00 60 00 00 FF F0 FF FF C2 45 
Rx:004956-00 10 05 00 00 4B 96 0E 10 42 A0 40 00 3D 32 00 00 00 00 00 00 00 00 77 80 41 35 57 80 41 47 56 F0 41 80 AD 60 41 7F 55 1F 42 3E BA 46 42 3E E5 F9 3D AF E9 2E 3D D4 00 02 00 02 00 00 00 00 00 00 00 00 00 00 00 00 00 00 00 00 00 00 00 00 00 00 00 00 00 00 00 00 00 00 00 00 00 00 00 00 00 00 41 A0 00 00 41 A0 FF 30 41 9F FF 30 41 9F 00 00 42 70 00 00 42 70 B8 0B 00 00 07 D0 00 00 00 00 00 00 00 00 00 00 41 F0 00 00 42 20 00 00 41 20 00 00 41 A0 00 60 00 00 FF F0 FF FF BB C6 
Rx:004957-00 10 05 00 00 4B 96 0E 10 42 A0 40 00 3D 32 00 00 00 00 00 00 00 00 18 E0 41 28 DE 20 41 42 D6 F0 41 80 AD 60 41 7F 59 03 42 3E C9 D6 42 3E 73 31 3D C7 50 0D 3D A7 00 02 00 02 00 00 00 00 00 00 00 00 00 00 00 00 00 00 00 00 00 00 00 00 00 00 00 00 00 00 00 00 00 00 00 00 00 00 00 00 00 00 41 A0 00 00 41 A0 FF 30 41 9F FF 30 41 9F 00 00 42 70 00 00 42 70 B8 0B 00 00 07 D0 00 00 00 00 00 00 00 00 00 00 41 F0 00 00 42 20 00 00 41 20 00 00 41 A0 00 60 00 00 FF F0 FF FF 1B AD 
Rx:004958-00 10 05 00 00 4B 96 0E 10 42 A0 40 00 3D 32 00 00 00 00 00 00 00 00 8C C0 41 2C 77 80 41 35 D6 F0 41 80 56 F0 41 80 51 3B 42 3E C5 F2 42 3E DB 50 3D CA BC 86 3D 93 00 02 00 02 00 00 00 00 00 00 00 00 00 00 00 00 00 00 00 00 00 00 00 00 00 00 00 00 00 00 00 00 00 00 00 00 00 00 00 00 00 00 41 A0 00 00 41 A0 FF 30 41 9F FF 30 41 9F 00 00 42 70 00 00 42 70 B8 0B 00 00 07 D0 00 00 00 00 00 00 00 00 00 00 41 F0 00 00 42 20 00 00 41 20 00 00 41 A0 00 60 00 00 FF F0 FF FF 4A 15 
Rx:004959-00 10 05 00 00 4B 96 0E 10 42 A0 40 00 3D 32 00 00 00 00 00 00 00 00 8C C0 41 2C DE 20 41 42 D6 F0 41 80 56 F0 41 80 55 1F 42 3E D1 9D 42 3E 73 29 3D B1 57 F0 3E 1A 00 02 00 02 00 00 00 00 00 00 00 00 00 00 00 00 00 00 00 00 00 00 00 00 00 00 00 00 00 00 00 00 00 00 00 00 00 00 00 00 00 00 41 A0 00 00 41 A0 FF 30 41 9F FF 30 41 9F 00 00 42 70 00 00 42 70 B8 0B 00 00 07 D0 00 00 00 00 00 00 00 00 00 00 41 F0 00 00 42 20 00 00 41 20 00 00 41 A0 00 60 00 00 FF F0 FF FF 01 24 
Rx:004960-00 10 05 00 00 4B 96 0E 10 42 A0 40 00 3D 32 00 00 00 00 00 00 00 00 18 E0 41 28 EE 00 41 39 D6 F0 41 80 AD 60 41 7F 59 03 42 3E D5 81 42 3E A3 C2 3D A2 2A 5F 3D A3 00 02 00 02 00 00 00 00 00 00 00 00 00 00 00 00 00 00 00 00 00 00 00 00 00 00 00 00 00 00 00 00 00 00 00 00 00 00 00 00 00 00 41 A0 00 00 41 A0 FF 30 41 9F FF 30 41 9F 00 00 42 70 00 00 42 70 B8 0B 00 00 07 D0 00 00 00 00 00 00 00 00 00 00 41 F0 00 00 42 20 00 00 41 20 00 00 41 A0 00 60 00 00 FF F0 FF FF A2 AE 
Rx:004961-00 10 05 00 00 4B 96 0E 10 42 A0 40 00 3D 32 00 00 00 00 00 00 00 00 8C C0 41 2C EE 00 41 39 D6 F0 41 80 56 F0 41 80 60 CB 42 3E D5 81 42 3E 8F 33 3D AB 73 2A 3D B1 00 02 00 02 00 00 00 00 00 00 00 00 00 00 00 00 00 00 00 00 00 00 00 00 00 00 00 00 00 00 00 00 00 00 00 00 00 00 00 00 00 00 41 A0 00 00 41 A0 FF 30 41 9F FF 30 41 9F 00 00 42 70 00 00 42 70 B8 0B 00 00 07 D0 00 00 00 00 00 00 00 00 00 00 41 F0 00 00 42 20 00 00 41 20 00 00 41 A0 00 60 00 00 FF F0 FF FF 47 FF 
Rx:004962-00 10 05 00 00 4B 96 0E 10 42 A0 40 00 3D 32 00 00 00 00 00 00 00 00 EE 00 41 39 57 80 41 47 D6 F0 41 80 56 F0 41 80 5C E7 42 3E D1 9D 42 3E 2C FD 3D 9D DE C1 3D B6 00 02 00 02 00 00 00 00 00 00 00 00 00 00 00 00 00 00 00 00 00 00 00 00 00 00 00 00 00 00 00 00 00 00 00 00 00 00 00 00 00 00 41 A0 00 00 41 A0 FF 30 41 9F FF 30 41 9F 00 00 42 70 00 00 42 70 B8 0B 00 00 07 D0 00 00 00 00 00 00 00 00 00 00 41 F0 00 00 42 20 00 00 41 20 00 00 41 A0 00 60 00 00 FF F0 FF FF 80 A8 
Rx:004963-00 10 05 00 00 4B 96 0E 10 42 A0 40 00 3D 32 00 00 00 00 00 00 00 00 65 A0 41 3E 57 80 41 47 56 F0 41 80 56 F0 41 80 64 AF 42 3E CD B9 42 3E 2A 5E 3D A3 50 0D 3D A7 00 02 00 02 00 00 00 00 00 00 00 00 00 00 00 00 00 00 00 00 00 00 00 00 00 00 00 00 00 00 00 00 00 00 00 00 00 00 00 00 00 00 41 A0 00 00 41 A0 FF 30 41 9F FF 30 41 9F 00 00 42 70 00 00 42 70 B8 0B 00 00 07 D0 00 00 00 00 00 00 00 00 00 00 41 F0 00 00 42 20 00 00 41 20 00 00 41 A0 00 60 00 00 FF F0 FF FF D2 F2 
Rx:004964-00 10 05 00 00 4B 96 0E 10 42 A0 40 00 3D 32 00 00 00 00 00 00 00 00 74 60 41 0D 77 80 41 35 D6 F0 41 80 56 F0 41 80 59 03 42 3E C9 D6 42 3E D4 10 3D 9D 46 66 3D 60 00 02 00 02 00 00 00 00 00 00 00 00 00 00 00 00 00 00 00 00 00 00 00 00 00 00 00 00 00 00 00 00 00 00 00 00 00 00 00 00 00 00 41 A0 00 00 41 A0 FF 30 41 9F FF 30 41 9F 00 00 42 70 00 00 42 70 B8 0B 00 00 07 D0 00 00 00 00 00 00 00 00 00 00 41 F0 00 00 42 20 00 00 41 20 00 00 41 A0 00 60 00 00 FF F0 FF FF D2 FC 
Rx:004965-00 10 05 00 00 4B 96 0E 10 42 A0 40 00 3D 32 00 00 00 00 00 00 00 00 A5 E0 41 23 DE 20 41 42 56 F0 41 80 AD 60 41 7F 64 AF 42 3E D5 81 42 3E 4E A9 3D BE E7 0E 3D 88 00 02 00 02 00 00 00 00 00 00 00 00 00 00 00 00 00 00 00 00 00 00 00 00 00 00 00 00 00 00 00 00 00 00 00 00 00 00 00 00 00 00 41 A0 00 00 41 A0 FF 30 41 9F FF 30 41 9F 00 00 42 70 00 00 42 70 B8 0B 00 00 07 D0 00 00 00 00 00 00 00 00 00 00 41 F0 00 00 42 20 00 00 41 20 00 00 41 A0 00 60 00 00 FF F0 FF FF 11 CF 
Rx:004966-00 10 05 00 00 4B 96 0E 10 42 A0 40 00 3D 32 00 00 00 00 00 00 00 00 77 80 41 35 77 80 41 35 D6 F0 41 80 56 F0 41 80 59 03 42 3E CD B9 42 3E BC 86 3D 93 0F AB 3D 8E 00 02 00 02 00 00 00 00 00 00 00 00 00 00 00 00 00 00 00 00 00 00 00 00 00 00 00 00 00 00 00 00 00 00 00 00 00 00 00 00 00 00 41 A0 00 00 41 A0 FF 30 41 9F FF 30 41 9F 00 00 42 70 00 00 42 70 B8 0B 00 00 07 D0 00 00 00 00 00 00 00 00 00 00 41 F0 00 00 42 20 00 00 41 20 00 00 41 A0 00 60 00 00 FF F0 FF FF D3 63 
Rx:004967-00 10 05 00 00 4B 96 0E 10 42 A0 40 00 3D 32 00 00 00 00 00 00 00 00 18 E0 41 28 77 80 41 35 D6 F0 41 80 56 F0 41 80 60 CB 42 3E C5 F2 42 3E 1F 95 3E 16 3E 69 3D C6 00 02 00 02 00 00 00 00 00 00 00 00 00 00 00 00 00 00 00 00 00 00 00 00 00 00 00 00 00 00 00 00 00 00 00 00 00 00 00 00 00 00 41 A0 00 00 41 A0 FF 30 41 9F FF 30 41 9F 00 00 42 70 00 00 42 70 B8 0B 00 00 07 D0 00 00 00 00 00 00 00 00 00 00 41 F0 00 00 42 20 00 00 41 20 00 00 41 A0 00 60 00 00 FF F0 FF FF 2F 03 
Rx:004968-00 10 05 00 00 4B 96 0E 10 42 A0 40 00 3D 32 00 00 00 00 00 00 00 00 A5 E0 41 23 65 A0 41 3E D6 F0 41 80 AD 60 41 7F 64 AF 42 3E D1 9D 42 3E C0 E5 3D AC B9 7F 3D C5 00 02 00 02 00 00 00 00 00 00 00 00 00 00 00 00 00 00 00 00 00 00 00 00 00 00 00 00 00 00 00 00 00 00 00 00 00 00 00 00 00 00 41 A0 00 00 41 A0 FF 30 41 9F FF 30 41 9F 00 00 42 70 00 00 42 70 B8 0B 00 00 07 D0 00 00 00 00 00 00 00 00 00 00 41 F0 00 00 42 20 00 00 41 20 00 00 41 A0 00 60 00 00 FF F0 FF FF CC 23 
Rx:004969-00 10 05 00 00 4B 96 0E 10 42 A0 40 00 3D 32 00 00 00 00 00 00 00 00 65 A0 41 3E 01 A0 41 31 56 F0 41 80 56 F0 41 80 59 03 42 3E D9 65 42 3E 64 C0 3D 9D F0 C9 3D 8D 00 02 00 02 00 00 00 00 00 00 00 00 00 00 00 00 00 00 00 00 00 00 00 00 00 00 00 00 00 00 00 00 00 00 00 00 00 00 00 00 00 00 41 A0 00 00 41 A0 FF 30 41 9F FF 30 41 9F 00 00 42 70 00 00 42 70 B8 0B 00 00 07 D0 00 00 00 00 00 00 00 00 00 00 41 F0 00 00 42 20 00 00 41 20 00 00 41 A0 00 60 00 00 FF F0 FF FF 17 08 
Rx:004970-00 10 05 00 00 4B 96 0E 10 42 A0 40 00 3D 32 00 00 00 00 00 00 00 00 A5 E0 41 23 DE 20 41 42 D6 F0 41 80 56 F0 41 80 C9 D6 42 3E E5 11 42 3E 26 42 3D 7F DF A7 3D 8B 00 02 00 02 00 00 00 00 00 00 00 00 00 00 00 00 00 00 00 00 00 00 00 00 00 00 00 00 00 00 00 00 00 00 00 00 00 00 00 00 00 00 41 A0 00 00 41 A0 FF 30 41 9F FF 30 41 9F 00 00 42 70 00 00 42 70 B8 0B 00 00 07 D0 00 00 00 00 00 00 00 00 00 00 41 F0 00 00 42 20 00 00 41 20 00 00 41 A0 00 60 00 00 FF F0 FF FF 78 04 
Rx:004971-00 10 05 00 00 4B 96 0E 10 42 A0 40 00 3D 32 00 00 00 00 00 00 00 00 01 A0 41 31 57 80 41 47 56 F0 41 80 56 F0 41 80 B6 62 42 3E D9 65 42 3E D4 0F 3D 9D 84 70 3D A7 00 02 00 02 00 00 00 00 00 00 00 00 00 00 00 00 00 00 00 00 00 00 00 00 00 00 00 00 00 00 00 00 00 00 00 00 00 00 00 00 00 00 41 A0 00 00 41 A0 FF 30 41 9F FF 30 41 9F 00 00 42 70 00 00 42 70 B8 0B 00 00 07 D0 00 00 00 00 00 00 00 00 00 00 41 F0 00 00 42 20 00 00 41 20 00 00 41 A0 00 60 00 00 FF F0 FF FF 1B BA 
Rx:004972-00 10 05 00 00 4B 96 0E 10 42 A0 40 00 3D 32 00 00 00 00 00 00 00 00 18 E0 41 28 EE 00 41 39 D6 F0 41 80 AD 60 41 7F 49 73 42 3E C5 F2 42 3E FD 33 3D C0 6E 39 3D 94 00 02 00 02 00 00 00 00 00 00 00 00 00 00 00 00 00 00 00 00 00 00 00 00 00 00 00 00 00 00 00 00 00 00 00 00 00 00 00 00 00 00 41 A0 00 00 41 A0 FF 30 41 9F FF 30 41 9F 00 00 42 70 00 00 42 70 B8 0B 00 00 07 D0 00 00 00 00 00 00 00 00 00 00 41 F0 00 00 42 20 00 00 41 20 00 00 41 A0 00 60 00 00 FF F0 FF FF 34 A8 
Rx:004973-00 10 05 00 00 4B 96 0E 10 42 A0 40 00 3D 32 00 00 00 00 00 00 00 00 18 E0 41 28 65 A0 41 3E D6 F0 41 80 56 F0 41 80 55 1F 42 3E D1 9D 42 3E 07 36 3D B2 62 03 3D 8B 00 02 00 02 00 00 00 00 00 00 00 00 00 00 00 00 00 00 00 00 00 00 00 00 00 00 00 00 00 00 00 00 00 00 00 00 00 00 00 00 00 00 41 A0 00 00 41 A0 FF 30 41 9F FF 30 41 9F 00 00 42 70 00 00 42 70 B8 0B 00 00 07 D0 00 00 00 00 00 00 00 00 00 00 41 F0 00 00 42 20 00 00 41 20 00 00 41 A0 00 60 00 00 FF F0 FF FF 38 A8 
Rx:004974-00 10 05 00 00 4B 96 0E 10 42 A0 40 00 3D 32 00 00 00 00 00 00 00 00 A5 E0 41 23 65 A0 41 3E D6 F0 41 80 56 F0 41 80 6C 77 42 3E D1 9D 42 3E DE C1 3D B6 87 74 3D 98 00 02 00 02 00 00 00 00 00 00 00 00 00 00 00 00 00 00 00 00 00 00 00 00 00 00 00 00 00 00 00 00 00 00 00 00 00 00 00 00 00 00 41 A0 00 00 41 A0 FF 30 41 9F FF 30 41 9F 00 00 42 70 00 00 42 70 B8 0B 00 00 07 D0 00 00 00 00 00 00 00 00 00 00 41 F0 00 00 42 20 00 00 41 20 00 00 41 A0 00 60 00 00 FF F0 FF FF 1D 70 
Rx:004975-00 10 05 00 00 4B 96 0E 10 42 A0 40 00 3D 32 00 00 00 00 00 00 00 00 EE 00 41 39 57 80 41 47 D6 F0 41 80 56 F0 41 80 59 03 42 3E CD B9 42 3E 31 18 3D 98 64 C1 3D 9D 00 02 00 02 00 00 00 00 00 00 00 00 00 00 00 00 00 00 00 00 00 00 00 00 00 00 00 00 00 00 00 00 00 00 00 00 00 00 00 00 00 00 41 A0 00 00 41 A0 FF 30 41 9F FF 30 41 9F 00 00 42 70 00 00 42 70 B8 0B 00 00 07 D0 00 00 00 00 00 00 00 00 00 00 41 F0 00 00 42 20 00 00 41 20 00 00 41 A0 00 60 00 00 FF F0 FF FF E7 49 
Rx:004976-00 10 05 00 00 4B 96 0E 10 42 A0 40 00 3D 32 00 00 00 00 00 00 00 00 8C C0 41 2C 57 80 41 47 D6 F0 41 80 56 F0 41 80 55 1F 42 3E CD B9 42 3E 1C 21 3D CB 09 FA 3D 93 00 02 00 02 00 00 00 00 00 00 00 00 00 00 00 00 00 00 00 00 00 00 00 00 00 00 00 00 00 00 00 00 00 00 00 00 00 00 00 00 00 00 41 A0 00 00 41 A0 FF 30 41 9F FF 30 41 9F 00 00 42 70 00 00 42 70 B8 0B 00 00 07 D0 00 00 00 00 00 00 00 00 00 00 41 F0 00 00 42 20 00 00 41 20 00 00 41 A0 00 60 00 00 FF F0 FF FF D6 47 
Rx:004977-00 10 05 00 00 4B 96 0E 10 42 A0 40 00 3D 32 00 00 00 00 00 00 00 00 65 A0 41 3E 77 80 41 35 D6 F0 41 80 56 F0 41 80 5C E7 42 3E CD B9 42 3E DE C1 3D B6 46 66 3D 60 00 02 00 02 00 00 00 00 00 00 00 00 00 00 00 00 00 00 00 00 00 00 00 00 00 00 00 00 00 00 00 00 00 00 00 00 00 00 00 00 00 00 41 A0 00 00 41 A0 FF 30 41 9F FF 30 41 9F 00 00 42 70 00 00 42 70 B8 0B 00 00 07 D0 00 00 00 00 00 00 00 00 00 00 41 F0 00 00 42 20 00 00 41 20 00 00 41 A0 00 60 00 00 FF F0 FF FF CF BC 
Rx:004978-00 10 05 00 00 4B 96 0E 10 42 A0 40 00 3D 32 00 00 00 00 00 00 00 00 8C C0 41 2C 57 80 41 47 56 F0 41 80 56 F0 41 80 68 93 42 3E D5 81 42 3E B8 F9 3D C0 87 73 3D 98 00 02 00 02 00 00 00 00 00 00 00 00 00 00 00 00 00 00 00 00 00 00 00 00 00 00 00 00 00 00 00 00 00 00 00 00 00 00 00 00 00 00 41 A0 00 00 41 A0 FF 30 41 9F FF 30 41 9F 00 00 42 70 00 00 42 70 B8 0B 00 00 07 D0 00 00 00 00 00 00 00 00 00 00 41 F0 00 00 42 20 00 00 41 20 00 00 41 A0 00 60 00 00 FF F0 FF FF 10 6F 
Rx:004979-00 10 05 00 00 4B 96 0E 10 42 A0 40 00 3D 32 00 00 00 00 00 00 00 00 8C C0 41 2C C4 40 41 5D 56 F0 41 80 56 F0 41 80 68 93 42 3E C2 0E 42 3E 96 4E 3D BB BC 87 3D 93 00 02 00 02 00 00 00 00 00 00 00 00 00 00 00 00 00 00 00 00 00 00 00 00 00 00 00 00 00 00 00 00 00 00 00 00 00 00 00 00 00 00 41 A0 00 00 41 A0 FF 30 41 9F FF 30 41 9F 00 00 42 70 00 00 42 70 B8 0B 00 00 07 D0 00 00 00 00 00 00 00 00 00 00 41 F0 00 00 42 20 00 00 41 20 00 00 41 A0 00 60 00 00 FF F0 FF FF 5E 3D 
Rx:004980-00 10 05 00 00 4B 96 0E 10 42 A0 40 00 3D 32 00 00 00 00 00 00 00 00 8C C0 41 2C DE 20 41 42 D6 F0 41 80 56 F0 41 80 68 93 42 3E CD B9 42 3E 73 29 3D B1 16 F5 3D 99 00 02 00 02 00 00 00 00 00 00 00 00 00 00 00 00 00 00 00 00 00 00 00 00 00 00 00 00 00 00 00 00 00 00 00 00 00 00 00 00 00 00 41 A0 00 00 41 A0 FF 30 41 9F FF 30 41 9F 00 00 42 70 00 00 42 70 B8 0B 00 00 07 D0 00 00 00 00 00 00 00 00 00 00 41 F0 00 00 42 20 00 00 41 20 00 00 41 A0 00 60 00 00 FF F0 FF FF 47 E3 
Rx:004981-00 10 05 00 00 4B 96 0E 10 42 A0 40 00 3D 32 00 00 00 00 00 00 00 00 18 E0 41 28 EE 00 41 39 56 F0 41 80 AD 60 41 7F 60 CB 42 3E D5 81 42 3E 64 C1 3D 9D 50 0D 3D A7 00 02 00 02 00 00 00 00 00 00 00 00 00 00 00 00 00 00 00 00 00 00 00 00 00 00 00 00 00 00 00 00 00 00 00 00 00 00 00 00 00 00 41 A0 00 00 41 A0 FF 30 41 9F FF 30 41 9F 00 00 42 70 00 00 42 70 B8 0B 00 00 07 D0 00 00 00 00 00 00 00 00 00 00 41 F0 00 00 42 20 00 00 41 20 00 00 41 A0 00 60 00 00 FF F0 FF FF B8 90 
Rx:004982-00 10 05 00 00 4B 96 0E 10 42 A0 40 00 3D 32 00 00 00 00 00 00 00 00 01 A0 41 31 EE 00 41 39 D6 F0 41 80 AD 60 41 7F 4D 57 42 3E D9 65 42 3E D9 27 3D 75 12 A9 3D FE 00 02 00 02 00 00 00 00 00 00 00 00 00 00 00 00 00 00 00 00 00 00 00 00 00 00 00 00 00 00 00 00 00 00 00 00 00 00 00 00 00 00 41 A0 00 00 41 A0 FF 30 41 9F FF 30 41 9F 00 00 42 70 00 00 42 70 B8 0B 00 00 07 D0 00 00 00 00 00 00 00 00 00 00 41 F0 00 00 42 20 00 00 41 20 00 00 41 A0 00 60 00 00 FF F0 FF FF 86 75 
Rx:004983-00 10 05 00 00 4B 96 0E 10 42 A0 40 00 3D 32 00 00 00 00 00 00 00 00 8C C0 41 2C DE 20 41 42 D6 F0 41 80 56 F0 41 80 60 CB 42 3E D9 65 42 3E 57 3E 3D 9F 4E A8 3D BE 00 02 00 02 00 00 00 00 00 00 00 00 00 00 00 00 00 00 00 00 00 00 00 00 00 00 00 00 00 00 00 00 00 00 00 00 00 00 00 00 00 00 41 A0 00 00 41 A0 FF 30 41 9F FF 30 41 9F 00 00 42 70 00 00 42 70 B8 0B 00 00 07 D0 00 00 00 00 00 00 00 00 00 00 41 F0 00 00 42 20 00 00 41 20 00 00 41 A0 00 60 00 00 FF F0 FF FF FF 18 
Rx:004984-00 10 05 00 00 4B 96 0E 10 42 A0 40 00 3D 32 00 00 00 00 00 00 00 00 A5 E0 41 23 8C C0 41 2C D6 F0 41 80 AD 60 41 7F 5C E7 42 3E D5 81 42 3E EE 90 3D 83 22 62 3D BC 00 02 00 02 00 00 00 00 00 00 00 00 00 00 00 00 00 00 00 00 00 00 00 00 00 00 00 00 00 00 00 00 00 00 00 00 00 00 00 00 00 00 41 A0 00 00 41 A0 FF 30 41 9F FF 30 41 9F 00 00 42 70 00 00 42 70 B8 0B 00 00 07 D0 00 00 00 00 00 00 00 00 00 00 41 F0 00 00 42 20 00 00 41 20 00 00 41 A0 00 60 00 00 FF F0 FF FF 8C F6 
Rx:004985-00 10 05 00 00 4B 96 0E 10 42 A0 40 00 3D 32 00 00 00 00 00 00 00 00 A5 E0 41 23 DE 20 41 42 D6 F0 41 80 56 F0 41 80 6C 77 42 3E D5 81 42 3E D8 25 3D C2 26 43 3D 7F 00 02 00 02 00 00 00 00 00 00 00 00 00 00 00 00 00 00 00 00 00 00 00 00 00 00 00 00 00 00 00 00 00 00 00 00 00 00 00 00 00 00 41 A0 00 00 41 A0 FF 30 41 9F FF 30 41 9F 00 00 42 70 00 00 42 70 B8 0B 00 00 07 D0 00 00 00 00 00 00 00 00 00 00 41 F0 00 00 42 20 00 00 41 20 00 00 41 A0 00 60 00 00 FF F0 FF FF E8 E6 
Rx:004986-00 10 05 00 00 4B 96 0E 10 42 A0 40 00 3D 32 00 00 00 00 00 00 00 00 A5 E0 41 23 57 80 41 47 D6 F0 41 80 56 F0 41 80 B6 62 42 3E D5 81 42 3E FF F3 3D D9 FF F3 3D D9 00 02 00 02 00 00 00 00 00 00 00 00 00 00 00 00 00 00 00 00 00 00 00 00 00 00 00 00 00 00 00 00 00 00 00 00 00 00 00 00 00 00 41 A0 00 00 41 A0 FF 30 41 9F FF 30 41 9F 00 00 42 70 00 00 42 70 B8 0B 00 00 07 D0 00 00 00 00 00 00 00 00 00 00 41 F0 00 00 42 20 00 00 41 20 00 00 41 A0 00 60 00 00 FF F0 FF FF E0 DD 
Rx:004987-00 10 05 00 00 4B 96 0E 10 42 A0 40 00 3D 32 00 00 00 00 00 00 00 00 A5 E0 41 23 DE 20 41 42 56 F0 41 80 56 F0 41 80 59 03 42 3E C9 D6 42 3E 64 C1 3D 9D 4E 9D 3D C8 00 02 00 02 00 00 00 00 00 00 00 00 00 00 00 00 00 00 00 00 00 00 00 00 00 00 00 00 00 00 00 00 00 00 00 00 00 00 00 00 00 00 41 A0 00 00 41 A0 FF 30 41 9F FF 30 41 9F 00 00 42 70 00 00 42 70 B8 0B 00 00 07 D0 00 00 00 00 00 00 00 00 00 00 41 F0 00 00 42 20 00 00 41 20 00 00 41 A0 00 60 00 00 FF F0 FF FF 0B 15 
Rx:004988-00 10 05 00 00 4B 96 0E 10 42 A0 40 00 3D 32 00 00 00 00 00 00 00 00 01 A0 41 31 57 80 41 47 D6 F0 41 80 56 F0 41 80 55 1F 42 3E C5 F2 42 3E 46 9C 3D DD 73 31 3D C7 00 02 00 02 00 00 00 00 00 00 00 00 00 00 00 00 00 00 00 00 00 00 00 00 00 00 00 00 00 00 00 00 00 00 00 00 00 00 00 00 00 00 41 A0 00 00 41 A0 FF 30 41 9F FF 30 41 9F 00 00 42 70 00 00 42 70 B8 0B 00 00 07 D0 00 00 00 00 00 00 00 00 00 00 41 F0 00 00 42 20 00 00 41 20 00 00 41 A0 00 60 00 00 FF F0 FF FF FE 8A 
Rx:004989-00 10 05 00 00 4B 96 0E 10 42 A0 40 00 3D 32 00 00 00 00 00 00 00 00 01 A0 41 31 DE 20 41 42 D6 F0 41 80 56 F0 41 80 64 AF 42 3E DD 49 42 3E 78 88 3D DA 45 98 3D 93 00 02 00 02 00 00 00 00 00 00 00 00 00 00 00 00 00 00 00 00 00 00 00 00 00 00 00 00 00 00 00 00 00 00 00 00 00 00 00 00 00 00 41 A0 00 00 41 A0 FF 30 41 9F FF 30 41 9F 00 00 42 70 00 00 42 70 B8 0B 00 00 07 D0 00 00 00 00 00 00 00 00 00 00 41 F0 00 00 42 20 00 00 41 20 00 00 41 A0 00 60 00 00 FF F0 FF FF F2 6D 
Rx:004990-00 10 05 00 00 4B 96 0E 10 42 A0 40 00 3D 32 00 00 00 00 00 00 00 00 65 A0 41 3E 57 80 41 47 D6 F0 41 80 56 F0 41 80 6C 77 42 3E C9 D6 42 3E 09 FA 3D 93 9B B1 3D F3 00 02 00 02 00 00 00 00 00 00 00 00 00 00 00 00 00 00 00 00 00 00 00 00 00 00 00 00 00 00 00 00 00 00 00 00 00 00 00 00 00 00 41 A0 00 00 41 A0 FF 30 41 9F FF 30 41 9F 00 00 42 70 00 00 42 70 B8 0B 00 00 07 D0 00 00 00 00 00 00 00 00 00 00 41 F0 00 00 42 20 00 00 41 20 00 00 41 A0 00 60 00 00 FF F0 FF FF 30 3E 
Rx:004991-00 10 05 00 00 4B 96 0E 10 42 A0 40 00 3D 32 00 00 00 00 00 00 00 00 18 E0 41 28 01 A0 41 31 D6 F0 41 80 56 F0 41 80 60 CB 42 3E CD B9 42 3E 0F AB 3E 0E 26 42 3D 7F 00 02 00 02 00 00 00 00 00 00 00 00 00 00 00 00 00 00 00 00 00 00 00 00 00 00 00 00 00 00 00 00 00 00 00 00 00 00 00 00 00 00 41 A0 00 00 41 A0 FF 30 41 9F FF 30 41 9F 00 00 42 70 00 00 42 70 B8 0B 00 00 07 D0 00 00 00 00 00 00 00 00 00 00 41 F0 00 00 42 20 00 00 41 20 00 00 41 A0 00 60 00 00 FF F0 FF FF 1D 7E 
Rx:004992-00 10 05 00 00 4B 96 0E 10 42 A0 40 00 3D 32 00 00 00 00 00 00 00 00 18 E0 41 28 DE 20 41 42 D6 F0 41 80 56 F0 41 80 68 93 42 3E C9 D6 42 3E 7A 72 3D 9E DE AE 3D 9A 00 02 00 02 00 00 00 00 00 00 00 00 00 00 00 00 00 00 00 00 00 00 00 00 00 00 00 00 00 00 00 00 00 00 00 00 00 00 00 00 00 00 41 A0 00 00 41 A0 FF 30 41 9F FF 30 41 9F 00 00 42 70 00 00 42 70 B8 0B 00 00 07 D0 00 00 00 00 00 00 00 00 00 00 41 F0 00 00 42 20 00 00 41 20 00 00 41 A0 00 60 00 00 FF F0 FF FF E6 DB 
Rx:004993-00 10 05 00 00 4B 96 0E 10 42 A0 40 00 3D 32 00 00 00 00 00 00 00 00 65 A0 41 3E 4D 00 41 50 D6 F0 41 80 56 F0 41 80 59 03 42 3E C5 F2 42 3E C0 E7 3D AC 42 F2 3D E9 00 02 00 02 00 00 00 00 00 00 00 00 00 00 00 00 00 00 00 00 00 00 00 00 00 00 00 00 00 00 00 00 00 00 00 00 00 00 00 00 00 00 41 A0 00 00 41 A0 FF 30 41 9F FF 30 41 9F 00 00 42 70 00 00 42 70 B8 0B 00 00 07 D0 00 00 00 00 00 00 00 00 00 00 41 F0 00 00 42 20 00 00 41 20 00 00 41 A0 00 60 00 00 FF F0 FF FF 8B 88 
Rx:004994-00 10 05 00 00 4B 96 0E 10 42 A0 40 00 3D 32 00 00 00 00 00 00 00 00 8C C0 41 2C 77 80 41 35 D6 F0 41 80 56 F0 41 80 5C E7 42 3E BA 46 42 3E 7A 72 3D 9E B5 1C 3D 47 00 02 00 02 00 00 00 00 00 00 00 00 00 00 00 00 00 00 00 00 00 00 00 00 00 00 00 00 00 00 00 00 00 00 00 00 00 00 00 00 00 00 41 A0 00 00 41 A0 FF 30 41 9F FF 30 41 9F 00 00 42 70 00 00 42 70 B8 0B 00 00 07 D0 00 00 00 00 00 00 00 00 00 00 41 F0 00 00 42 20 00 00 41 20 00 00 41 A0 00 60 00 00 FF F0 FF FF 33 91 
Rx:004995-00 10 05 00 00 4B 96 0E 10 42 A0 40 00 3D 32 00 00 00 00 00 00 00 00 8C C0 41 2C EE 00 41 39 56 F0 41 80 56 F0 41 80 64 AF 42 3E D1 9D 42 3E 27 10 3D 89 BD 5A 3D DF 00 02 00 02 00 00 00 00 00 00 00 00 00 00 00 00 00 00 00 00 00 00 00 00 00 00 00 00 00 00 00 00 00 00 00 00 00 00 00 00 00 00 41 A0 00 00 41 A0 FF 30 41 9F FF 30 41 9F 00 00 42 70 00 00 42 70 B8 0B 00 00 07 D0 00 00 00 00 00 00 00 00 00 00 41 F0 00 00 42 20 00 00 41 20 00 00 41 A0 00 60 00 00 FF F0 FF FF EE 8E 
Rx:004996-00 10 05 00 00 4B 96 0E 10 42 A0 40 00 3D 32 00 00 00 00 00 00 00 00 18 E0 41 28 8C C0 41 2C D6 F0 41 80 56 F0 41 80 BA 46 42 3E D5 81 42 3E ED 0A 3D A7 14 44 3D 98 00 02 00 02 00 00 00 00 00 00 00 00 00 00 00 00 00 00 00 00 00 00 00 00 00 00 00 00 00 00 00 00 00 00 00 00 00 00 00 00 00 00 41 A0 00 00 41 A0 FF 30 41 9F FF 30 41 9F 00 00 42 70 00 00 42 70 B8 0B 00 00 07 D0 00 00 00 00 00 00 00 00 00 00 41 F0 00 00 42 20 00 00 41 20 00 00 41 A0 00 60 00 00 FF F0 FF FF 68 F7 
Rx:004997-00 10 05 00 00 4B 96 0E 10 42 A0 40 00 3D 32 00 00 00 00 00 00 00 00 8C C0 41 2C EE 00 41 39 D6 F0 41 80 56 F0 41 80 C5 F2 42 3E CD B9 42 3E 50 0D 3D A7 26 42 3D 7F 00 02 00 02 00 00 00 00 00 00 00 00 00 00 00 00 00 00 00 00 00 00 00 00 00 00 00 00 00 00 00 00 00 00 00 00 00 00 00 00 00 00 41 A0 00 00 41 A0 FF 30 41 9F FF 30 41 9F 00 00 42 70 00 00 42 70 B8 0B 00 00 07 D0 00 00 00 00 00 00 00 00 00 00 41 F0 00 00 42 20 00 00 41 20 00 00 41 A0 00 60 00 00 FF F0 FF FF 17 8F 
Rx:004998-00 10 05 00 00 4B 96 0E 10 42 A0 40 00 3D 32 00 00 00 00 00 00 00 00 18 E0 41 28 57 80 41 47 D6 F0 41 80 56 F0 41 80 51 3B 42 3E CD B9 42 3E 66 AC 3D 88 EE 90 3D 83 00 02 00 02 00 00 00 00 00 00 00 00 00 00 00 00 00 00 00 00 00 00 00 00 00 00 00 00 00 00 00 00 00 00 00 00 00 00 00 00 00 00 41 A0 00 00 41 A0 FF 30 41 9F FF 30 41 9F 00 00 42 70 00 00 42 70 B8 0B 00 00 07 D0 00 00 00 00 00 00 00 00 00 00 41 F0 00 00 42 20 00 00 41 20 00 00 41 A0 00 60 00 00 FF F0 FF FF B6 98 
Rx:004999-00 10 05 00 00 4B 96 0E 10 42 A0 40 00 3D 32 00 00 00 00 00 00 00 00 A5 E0 41 23 01 A0 41 31 D6 F0 41 80 56 F0 41 80 5C E7 42 3E C5 F2 42 3E 6B 4B 3D EE A6 BE 3D 89 00 02 00 02 00 00 00 00 00 00 00 00 00 00 00 00 00 00 00 00 00 00 00 00 00 00 00 00 00 00 00 00 00 00 00 00 00 00 00 00 00 00 41 A0 00 00 41 A0 FF 30 41 9F FF 30 41 9F 00 00 42 70 00 00 42 70 B8 0B 00 00 07 D0 00 00 00 00 00 00 00 00 00 00 41 F0 00 00 42 20 00 00 41 20 00 00 41 A0 00 60 00 00 FF F0 FF FF 66 0D 
Rx:005000-00 10 05 00 00 4B 96 0E 10 42 A0 40 00 3D 32 00 00 00 00 00 00 00 00 77 80 41 35 57 80 41 47 D6 F0 41 80 56 F0 41 80 59 03 42 3E CD B9 42 3E 2A 5E 3D A3 8F 33 3D AB 00 02 00 02 00 00 00 00 00 00 00 00 00 00 00 00 00 00 00 00 00 00 00 00 00 00 00 00 00 00 00 00 00 00 00 00 00 00 00 00 00 00 41 A0 00 00 41 A0 FF 30 41 9F FF 30 41 9F 00 00 42 70 00 00 42 70 B8 0B 00 00 07 D0 00 00 00 00 00 00 00 00 00 00 41 F0 00 00 42 20 00 00 41 20 00 00 41 A0 00 60 00 00 FF F0 FF FF FE 2E 
Rx:005001-00 10 05 00 00 4B 96 0E 10 42 A0 40 00 3D 32 00 00 00 00 00 00 00 00 18 E0 41 28 DE 20 41 42 D6 F0 41 80 56 F0 41 80 68 93 42 3E C2 0E 42 3E 65 65 3D 8A 9A C8 3D B2 00 02 00 02 00 00 00 00 00 00 00 00 00 00 00 00 00 00 00 00 00 00 00 00 00 00 00 00 00 00 00 00 00 00 00 00 00 00 00 00 00 00 41 A0 00 00 41 A0 FF 30 41 9F FF 30 41 9F 00 00 42 70 00 00 42 70 B8 0B 00 00 07 D0 00 00 00 00 00 00 00 00 00 00 41 F0 00 00 42 20 00 00 41 20 00 00 41 A0 00 60 00 00 FF F0 FF FF 7E 54 
Rx:005002-00 10 05 00 00 4B 96 0E 10 42 A0 40 00 3D 32 00 00 00 00 00 00 00 00 18 E0 41 28 DE 20 41 42 D6 F0 41 80 56 F0 41 80 60 CB 42 3E DD 49 42 3E 6E B0 3D C1 C2 B8 3D EC 00 02 00 02 00 00 00 00 00 00 00 00 00 00 00 00 00 00 00 00 00 00 00 00 00 00 00 00 00 00 00 00 00 00 00 00 00 00 00 00 00 00 41 A0 00 00 41 A0 FF 30 41 9F FF 30 41 9F 00 00 42 70 00 00 42 70 B8 0B 00 00 07 D0 00 00 00 00 00 00 00 00 00 00 41 F0 00 00 42 20 00 00 41 20 00 00 41 A0 00 60 00 00 FF F0 FF FF 43 8B 
Rx:005003-00 10 05 00 00 4B 96 0E 10 42 A0 40 00 3D 32 00 00 00 00 00 00 00 00 18 E0 41 28 DE 20 41 42 56 F0 41 80 56 F0 41 80 60 CB 42 3E D1 9D 42 3E 16 F5 3D 99 0F AB 3D 8E 00 02 00 02 00 00 00 00 00 00 00 00 00 00 00 00 00 00 00 00 00 00 00 00 00 00 00 00 00 00 00 00 00 00 00 00 00 00 00 00 00 00 41 A0 00 00 41 A0 FF 30 41 9F FF 30 41 9F 00 00 42 70 00 00 42 70 B8 0B 00 00 07 D0 00 00 00 00 00 00 00 00 00 00 41 F0 00 00 42 20 00 00 41 20 00 00 41 A0 00 60 00 00 FF F0 FF FF 91 30 
Rx:005004-00 10 05 00 00 4B 96 0E 10 42 A0 40 00 3D 32 00 00 00 00 00 00 00 00 33 C0 41 1F 77 80 41 35 56 F0 41 80 56 F0 41 80 5C E7 42 3E D9 65 42 3E C5 0C 3D BB E9 2B 3D D4 00 02 00 02 00 00 00 00 00 00 00 00 00 00 00 00 00 00 00 00 00 00 00 00 00 00 00 00 00 00 00 00 00 00 00 00 00 00 00 00 00 00 41 A0 00 00 41 A0 FF 30 41 9F FF 30 41 9F 00 00 42 70 00 00 42 70 B8 0B 00 00 07 D0 00 00 00 00 00 00 00 00 00 00 41 F0 00 00 42 20 00 00 41 20 00 00 41 A0 00 60 00 00 FF F0 FF FF 6F E9 
Rx:005005-00 10 05 00 00 4B 96 0E 10 42 A0 40 00 3D 32 00 00 00 00 00 00 00 00 01 A0 41 31 EE 00 41 39 D6 F0 41 80 56 F0 41 80 C5 F2 42 3E F8 85 42 3E FD C5 3D D4 56 82 3D B7 00 02 00 02 00 00 00 00 00 00 00 00 00 00 00 00 00 00 00 00 00 00 00 00 00 00 00 00 00 00 00 00 00 00 00 00 00 00 00 00 00 00 41 A0 00 00 41 A0 FF 30 41 9F FF 30 41 9F 00 00 42 70 00 00 42 70 B8 0B 00 00 07 D0 00 00 00 00 00 00 00 00 00 00 41 F0 00 00 42 20 00 00 41 20 00 00 41 A0 00 60 00 00 FF F0 FF FF 7B 03 
Rx:005006-00 10 05 00 00 4B 96 0E 10 42 A0 40 00 3D 32 00 00 00 00 00 00 00 00 18 E0 41 28 57 80 41 47 D6 F0 41 80 56 F0 41 80 55 1F 42 3E CD B9 42 3E 56 82 3D B7 09 FC 3D 93 00 02 00 02 00 00 00 00 00 00 00 00 00 00 00 00 00 00 00 00 00 00 00 00 00 00 00 00 00 00 00 00 00 00 00 00 00 00 00 00 00 00 41 A0 00 00 41 A0 FF 30 41 9F FF 30 41 9F 00 00 42 70 00 00 42 70 B8 0B 00 00 07 D0 00 00 00 00 00 00 00 00 00 00 41 F0 00 00 42 20 00 00 41 20 00 00 41 A0 00 60 00 00 FF F0 FF FF 49 D3 
Rx:005007-00 10 05 00 00 4B 96 0E 10 42 A0 40 00 3D 32 00 00 00 00 00 00 00 00 18 E0 41 28 65 A0 41 3E D6 F0 41 80 56 F0 41 80 55 1F 42 3E C9 D6 42 3E A4 90 3D B1 09 FC 3D 93 00 02 00 02 00 00 00 00 00 00 00 00 00 00 00 00 00 00 00 00 00 00 00 00 00 00 00 00 00 00 00 00 00 00 00 00 00 00 00 00 00 00 41 A0 00 00 41 A0 FF 30 41 9F FF 30 41 9F 00 00 42 70 00 00 42 70 B8 0B 00 00 07 D0 00 00 00 00 00 00 00 00 00 00 41 F0 00 00 42 20 00 00 41 20 00 00 41 A0 00 60 00 00 FF F0 FF FF E4 76 
Rx:005008-00 10 05 00 00 4B 96 0E 10 42 A0 40 00 3D 32 00 00 00 00 00 00 00 00 A5 E0 41 23 DE 20 41 42 56 F0 41 80 56 F0 41 80 5C E7 42 3E C9 D6 42 3E 52 AC 3D B4 F0 C9 3D 8D 00 02 00 02 00 00 00 00 00 00 00 00 00 00 00 00 00 00 00 00 00 00 00 00 00 00 00 00 00 00 00 00 00 00 00 00 00 00 00 00 00 00 41 A0 00 00 41 A0 FF 30 41 9F FF 30 41 9F 00 00 42 70 00 00 42 70 B8 0B 00 00 07 D0 00 00 00 00 00 00 00 00 00 00 41 F0 00 00 42 20 00 00 41 20 00 00 41 A0 00 60 00 00 FF F0 FF FF E7 DE 
Rx:005009-00 10 05 00 00 4B 96 0E 10 42 A0 40 00 3D 32 00 00 00 00 00 00 00 00 18 E0 41 28 DE 20 41 42 D6 F0 41 80 56 F0 41 80 64 AF 42 3E D1 9D 42 3E 7E 6A 3D 96 FF F3 3D D9 00 02 00 02 00 00 00 00 00 00 00 00 00 00 00 00 00 00 00 00 00 00 00 00 00 00 00 00 00 00 00 00 00 00 00 00 00 00 00 00 00 00 41 A0 00 00 41 A0 FF 30 41 9F FF 30 41 9F 00 00 42 70 00 00 42 70 B8 0B 00 00 07 D0 00 00 00 00 00 00 00 00 00 00 41 F0 00 00 42 20 00 00 41 20 00 00 41 A0 00 60 00 00 FF F0 FF FF 15 C5 
Rx:005010-00 10 05 00 00 4B 96 0E 10 42 A0 40 00 3D 32 00 00 00 00 00 00 00 00 C4 40 41 5D 57 80 41 47 D6 F0 41 80 56 F0 41 80 64 AF 42 3E C9 D6 42 3E 64 C1 3D 9D CA B0 3D 77 00 02 00 02 00 00 00 00 00 00 00 00 00 00 00 00 00 00 00 00 00 00 00 00 00 00 00 00 00 00 00 00 00 00 00 00 00 00 00 00 00 00 41 A0 00 00 41 A0 FF 30 41 9F FF 30 41 9F 00 00 42 70 00 00 42 70 B8 0B 00 00 07 D0 00 00 00 00 00 00 00 00 00 00 41 F0 00 00 42 20 00 00 41 20 00 00 41 A0 00 60 00 00 FF F0 FF FF 1E 9B 
Rx:005011-00 10 05 00 00 4B 96 0E 10 42 A0 40 00 3D 32 00 00 00 00 00 00 00 00 01 A0 41 31 DE 20 41 42 56 F0 41 80 56 F0 41 80 4D 57 42 3E C5 F2 42 3E 50 0D 3D A7 5B 41 3D DF 00 02 00 02 00 00 00 00 00 00 00 00 00 00 00 00 00 00 00 00 00 00 00 00 00 00 00 00 00 00 00 00 00 00 00 00 00 00 00 00 00 00 41 A0 00 00 41 A0 FF 30 41 9F FF 30 41 9F 00 00 42 70 00 00 42 70 B8 0B 00 00 07 D0 00 00 00 00 00 00 00 00 00 00 41 F0 00 00 42 20 00 00 41 20 00 00 41 A0 00 60 00 00 FF F0 FF FF 18 6A 
Rx:005012-00 10 05 00 00 4B 96 0E 10 42 A0 40 00 3D 32 00 00 00 00 00 00 00 00 18 E0 41 28 65 A0 41 3E D6 F0 41 80 56 F0 41 80 60 CB 42 3E C2 0E 42 3E B8 F7 3D C0 DB 51 3D CA 00 02 00 02 00 00 00 00 00 00 00 00 00 00 00 00 00 00 00 00 00 00 00 00 00 00 00 00 00 00 00 00 00 00 00 00 00 00 00 00 00 00 41 A0 00 00 41 A0 FF 30 41 9F FF 30 41 9F 00 00 42 70 00 00 42 70 B8 0B 00 00 07 D0 00 00 00 00 00 00 00 00 00 00 41 F0 00 00 42 20 00 00 41 20 00 00 41 A0 00 60 00 00 FF F0 FF FF 7B 97 
Rx:005013-00 10 05 00 00 4B 96 0E 10 42 A0 40 00 3D 32 00 00 00 00 00 00 00 00 18 E0 41 28 77 80 41 35 D6 F0 41 80 56 F0 41 80 5C E7 42 3E C9 D6 42 3E D6 40 3D A4 A2 41 3D 55 00 02 00 02 00 00 00 00 00 00 00 00 00 00 00 00 00 00 00 00 00 00 00 00 00 00 00 00 00 00 00 00 00 00 00 00 00 00 00 00 00 00 41 A0 00 00 41 A0 FF 30 41 9F FF 30 41 9F 00 00 42 70 00 00 42 70 B8 0B 00 00 07 D0 00 00 00 00 00 00 00 00 00 00 41 F0 00 00 42 20 00 00 41 20 00 00 41 A0 00 60 00 00 FF F0 FF FF 7C 27 
Rx:005014-00 10 05 00 00 4B 96 0E 10 42 A0 40 00 3D 32 00 00 00 00 00 00 00 00 18 E0 41 28 77 80 41 35 D6 F0 41 80 56 F0 41 80 5C E7 42 3E D1 9D 42 3E 5E 84 3E 11 50 0D 3D A7 00 02 00 02 00 00 00 00 00 00 00 00 00 00 00 00 00 00 00 00 00 00 00 00 00 00 00 00 00 00 00 00 00 00 00 00 00 00 00 00 00 00 41 A0 00 00 41 A0 FF 30 41 9F FF 30 41 9F 00 00 42 70 00 00 42 70 B8 0B 00 00 07 D0 00 00 00 00 00 00 00 00 00 00 41 F0 00 00 42 20 00 00 41 20 00 00 41 A0 00 60 00 00 FF F0 FF FF F2 EC 
Rx:005015-00 10 05 00 00 4B 96 0E 10 42 A0 40 00 3D 32 00 00 00 00 00 00 00 00 77 80 41 35 57 80 41 47 D6 F0 41 80 56 F0 41 80 55 1F 42 3E BA 46 42 3E 89 75 3D A8 D3 B6 3D B8 00 02 00 02 00 00 00 00 00 00 00 00 00 00 00 00 00 00 00 00 00 00 00 00 00 00 00 00 00 00 00 00 00 00 00 00 00 00 00 00 00 00 41 A0 00 00 41 A0 FF 30 41 9F FF 30 41 9F 00 00 42 70 00 00 42 70 B8 0B 00 00 07 D0 00 00 00 00 00 00 00 00 00 00 41 F0 00 00 42 20 00 00 41 20 00 00 41 A0 00 60 00 00 FF F0 FF FF 61 33 
Rx:005016-00 10 05 00 00 4B 96 0E 10 42 A0 40 00 3D 32 00 00 00 00 00 00 00 00 18 E0 41 28 DE 20 41 42 D6 F0 41 80 56 F0 41 80 55 1F 42 3E D9 65 42 3E 5E CF 3D B3 73 29 3D B1 00 02 00 02 00 00 00 00 00 00 00 00 00 00 00 00 00 00 00 00 00 00 00 00 00 00 00 00 00 00 00 00 00 00 00 00 00 00 00 00 00 00 41 A0 00 00 41 A0 FF 30 41 9F FF 30 41 9F 00 00 42 70 00 00 42 70 B8 0B 00 00 07 D0 00 00 00 00 00 00 00 00 00 00 41 F0 00 00 42 20 00 00 41 20 00 00 41 A0 00 60 00 00 FF F0 FF FF EA 04 
Rx:005017-00 10 05 00 00 4B 96 0E 10 42 A0 40 00 3D 32 00 00 00 00 00 00 00 00 18 E0 41 28 57 80 41 47 D6 F0 41 80 56 F0 41 80 4D 57 42 3E D1 9D 42 3E 79 AC 3E 13 DE C1 3D B6 00 02 00 02 00 00 00 00 00 00 00 00 00 00 00 00 00 00 00 00 00 00 00 00 00 00 00 00 00 00 00 00 00 00 00 00 00 00 00 00 00 00 41 A0 00 00 41 A0 FF 30 41 9F FF 30 41 9F 00 00 42 70 00 00 42 70 B8 0B 00 00 07 D0 00 00 00 00 00 00 00 00 00 00 41 F0 00 00 42 20 00 00 41 20 00 00 41 A0 00 60 00 00 FF F0 FF FF 72 38 
