142447.870	 1188.1	 1211.2	  5.0	  3.9
142448.230	 1186.6	 1205.3	  5.0	  3.9
142448.470	 1185.2	 1205.2	  5.0	  3.9
142448.790	 1183.6	 1205.1	  5.0	  3.9
142449.070	 1182.1	 1205.0	  5.0	  3.9
142449.390	 1180.7	 1199.1	  5.0	  3.9
142449.670	 1179.2	 1199.0	  5.0	  3.9
142449.990	 1177.7	 1199.0	  5.0	  3.9
142450.270	 1176.2	 1198.9	  5.0	  3.9
142450.590	 1174.8	 1193.0	  5.0	  3.9
142450.870	 1173.3	 1192.9	  5.0	  3.9
142451.270	 1171.8	 1192.8	  5.0	  3.9
142451.470	 1170.3	 1192.7	  5.0	  3.9
142451.790	 1168.8	 1186.8	  5.0	  3.9
142452.070	 1167.4	 1186.7	  5.0	  3.9
142452.550	 1165.9	 1186.6	  5.0	  3.9
142452.710	 1164.4	 1186.5	  5.0	  3.9
142452.990	 1162.8	 1186.4	  5.0	  3.9
142453.350	 1161.3	 1180.5	  5.0	  3.9
142453.590	 1159.8	 1180.4	  5.0	  3.9
142453.870	 1158.4	 1180.3	  5.0	  3.9
142454.190	 1156.9	 1180.2	  5.0	  3.9
142454.470	 1155.5	 1174.3	  5.0	  3.9
142454.750	 1153.9	 1174.2	  5.0	  3.9
142455.070	 1152.3	 1174.1	  5.0	  3.9
142455.350	 1150.8	 1174.0	  5.0	  3.9
142455.710	 1149.3	 1168.1	  5.0	  3.9
142455.990	 1147.8	 1168.0	  5.0	  3.9
142456.270	 1146.4	 1168.0	  5.0	  3.9
142456.590	 1144.9	 1167.9	  5.0	  3.9
142456.870	 1143.4	 1162.0	  5.0	  3.9
142457.150	 1141.8	 1161.9	  5.0	  3.9
142457.550	 1140.3	 1161.8	  5.0	  3.9
142457.790	 1138.7	 1161.7	  5.0	  3.9
142458.070	 1137.3	 1155.8	  5.0	  3.9
142458.350	 1135.8	 1155.7	  5.0	  3.9
142458.710	 1134.3	 1155.6	  5.0	  3.9
142458.950	 1133.4	 1155.5	  5.0	  3.9
142459.270	 1131.8	 1149.6	  5.0	  3.9
142459.590	 1130.3	 1149.5	  5.0	  3.9
142459.870	 1128.9	 1149.4	  5.0	  3.9
142500.190	 1127.5	 1149.3	  5.0	  3.9
142500.470	 1125.9	 1143.4	  5.0	  3.9
142500.790	 1124.4	 1143.3	  5.0	  3.9
142501.070	 1123.0	 1143.2	  5.0	  3.9
142501.350	 1121.5	 1143.1	  5.0	  3.9
142501.670	 1120.0	 1143.0	  5.0	  3.9
142501.950	 1118.5	 1137.1	  5.0	  3.9
142502.230	 1117.0	 1137.0	  5.0	  3.9
142502.560	 1115.5	 1136.9	  5.0	  3.9
142502.870	 1114.1	 1136.8	  5.0	  3.9
142503.150	 1112.6	 1130.9	  5.0	  3.9
142503.470	 1111.1	 1130.8	  5.0	  3.9
142503.750	 1109.6	 1130.7	  5.0	  3.9
142504.110	 1108.0	 1130.6	  5.0	  3.9
142504.390	 1106.5	 1124.7	  5.0	  3.9
142504.670	 1104.9	 1124.6	  5.0	  3.9
142504.950	 1103.6	 1124.5	  5.0	  3.9
142505.230	 1102.1	 1124.4	  5.0	  3.9
142505.550	 1100.5	 1118.5	  5.0	  3.9
142505.830	 1099.0	 1118.4	  5.0	  3.9
142506.150	 1097.5	 1118.3	  5.0	  3.9
142506.470	 1096.0	 1118.2	  5.0	  3.9
142506.750	 1094.6	 1112.3	  5.0	  3.9
142507.030	 1093.0	 1112.2	  5.0	  3.9
142507.350	 1091.5	 1112.1	  5.0	  3.9
142507.630	 1090.0	 1112.0	  5.0	  3.9
142508.030	 1088.6	 1106.1	  5.0	  3.9
142508.230	 1087.1	 1106.0	  5.0	  3.9
142508.550	 1085.6	 1105.9	  5.0	  3.9
142508.830	 1084.0	 1105.8	  5.0	  3.9
142509.150	 1082.5	 1099.9	  5.0	  3.9
142509.430	 1081.1	 1099.8	  5.0	  3.9
142509.710	 1079.6	 1099.7	  5.0	  3.9
142510.030	 1078.1	 1099.6	  5.0	  3.9
142510.350	 1076.6	 1093.7	  5.0	  3.9
142510.630	 1075.0	 1093.6	  5.0	  3.9
142510.910	 1073.6	 1093.5	  5.0	  3.9
142511.230	 1072.1	 1093.4	  5.0	  3.9
142511.510	 1070.7	 1093.3	  5.0	  3.9
142511.870	 1069.1	 1087.4	  5.0	  3.9
142512.110	 1067.5	 1087.3	  5.0	  3.9
142512.430	 1066.1	 1087.1	  5.0	  3.9
142512.710	 1064.7	 1087.0	  5.0	  3.9
142513.070	 1063.1	 1081.1	  5.0	  3.9
142513.310	 1061.5	 1081.0	  5.0	  3.9
142513.630	 1060.0	 1080.9	  5.0	  3.9
142513.910	 1058.5	 1080.8	  5.0	  3.9
142514.230	 1057.0	 1074.9	  5.0	  3.9
142514.550	 1055.6	 1074.8	  5.0	  3.9
142514.830	 1054.1	 1074.7	  5.0	  3.9
142515.110	 1052.6	 1074.6	  5.0	  3.9
142515.470	 1051.0	 1068.7	  5.0	  3.9
142515.710	 1049.5	 1068.6	  5.0	  3.9
142516.030	 1048.0	 1068.5	  5.0	  3.9
142516.310	 1046.5	 1068.4	  5.0	  3.8
142516.630	 1044.9	 1062.5	  5.0	  3.8
142516.950	 1043.5	 1062.4	  5.0	  3.8
142517.270	 1042.0	 1062.3	  5.0	  3.8
142517.510	 1040.5	 1062.1	  5.0	  3.8
142517.790	 1039.0	 1062.0	  5.0	  3.8
142518.110	 1037.5	 1056.1	  5.0	  3.8
142518.390	 1036.1	 1056.0	  5.0	  3.8
142518.710	 1034.6	 1055.9	  5.0	  3.8
142518.990	 1032.9	 1055.8	  5.0	  3.8
142519.310	 1031.5	 1049.9	  5.0	  3.8
142519.590	 1030.0	 1049.8	  5.0	  3.8
142519.910	 1028.6	 1049.7	  5.0	  3.8
142520.190	 1027.2	 1049.6	  5.0	  3.8
142520.590	 1025.6	 1043.7	  5.0	  3.8
142520.790	 1024.1	 1043.6	  5.0	  3.8
142521.110	 1022.6	 1043.4	  5.0	  3.8
142521.390	 1021.1	 1043.3	  5.0	  3.8
142521.750	 1019.7	 1037.5	  5.0	  3.8
142521.990	 1018.1	 1037.3	  5.0	  3.8
142522.310	 1016.6	 1037.2	  5.0	  3.8
142522.590	 1015.1	 1037.1	  5.0	  3.8
142522.910	 1013.6	 1037.0	  5.0	  3.8
142523.190	 1012.0	 1031.1	  5.0	  3.8
142523.510	 1010.5	 1031.0	  5.0	  3.8
142523.790	 1009.0	 1030.8	  5.0	  3.8
